## RankNet
## Epochs = 20
## No. of features = 34
## No. of hidden layers = 3
## Layer 1: 20 neurons
## Layer 2: 20 neurons
## Layer 3: 20 neurons
1 2 3 4 5 6 7 8 9 10 11 12 13 14 15 16 17 18 19 20 21 22 23 24 25 26 27 28 29 30 31 32 33 34
3
20
20
20
0 0 -0.03585353621120529 -0.03800088013339637 0.04712407932328346 -0.07160779754904795 -0.020950173396895134 -0.038012192565683084 0.08648117207765962 0.06340383422479161 0.021548659576433923 0.011421228591755653 -0.04931876536230214 -0.075634227973727 -0.001521409372043047 -0.0342567557468838 -1.6626817691443696E-5 0.05289326047765584 0.004118957755946329 -0.04771664847635183 -0.022317089459952765 0.018372538183067853
0 1 -0.06108584660606869 0.006404589170016205 -0.07061553907289166 -0.040732508758403875 -0.04577482175095727 0.03443547479233685 -0.09492755966498025 -0.03883203192394779 0.04618338115836089 -0.0818720797258854 -0.05844476444715498 0.02757495440447972 -0.0913278402914324 -0.047308088143026505 0.09327157145030489 0.04835753119545667 -0.041171721008014035 0.006525266333966162 0.07179504276450072 0.05609636877110406
0 2 0.09379583727579797 0.0018608000372041479 -0.009610393752303893 -0.011994484451074431 0.03859987052509911 0.03692703550038504 -0.01051793291085183 0.06444830537325878 -0.065341252769799 0.0019238122624190058 -0.004050073189993203 -0.06731007770508832 0.044025380805978113 -0.02918458843824393 0.08953957921286414 -0.0725503277339302 0.03214498730270392 0.030948288916667753 0.0226266885673403 0.002298999487356333
0 3 -0.04286438971757889 0.04323061555624008 -0.023811031132936478 0.07547060400247574 -0.02271907962858677 0.0301519688218832 0.0996197983622551 0.008317220024764538 -0.01801617071032524 -0.04501046612858772 0.07621302455663681 0.043046217411756516 -0.08220488578081131 0.05976226180791855 -0.07794369757175446 -0.013188463635742664 -0.004073786549270153 -0.0052055357955396175 -0.08976875990629196 0.06319426745176315
0 4 -71.92095692132337 688.285653496361 1643.83112921237 -2323.26067776204 -1083.1280524302804 1412.3550590740624 155.59999683491193 1713.4228837197852 -2194.1989267788636 -547.2013171482664 1076.2138722612167 -929.1769189576238 -646.2068876474235 1828.9661461580276 562.5876053753665 -814.3100953598978 -919.6968267873362 -1446.0246539180184 -2387.2967293693814 2060.839688849624
0 5 -1.0089704409038796 9.393922918619369 22.498449047074125 -31.70806321858731 -14.803644339165695 19.189937715593807 2.059595561672418 23.50035241914795 -30.004318851519677 -7.428340148116419 14.598770191001847 -12.694646068608133 -8.768574008566814 24.851074590884824 7.619337241090276 -11.145580998170013 -12.634676583981271 -19.788278894312814 -32.58761911512947 28.223012231481288
0 6 -70.81119707779132 676.9931574201901 1617.1367276855065 -2286.376270437883 -1066.1140673260911 1389.4255796013558 153.19485779430303 1685.8178713837112 -2159.395217636694 -538.2536438912069 1059.1456135321498 -914.3732648921823 -635.9586343218035 1798.48632376696 553.4345731870441 -801.0244711093574 -905.2009549541701 -1422.443913138086 -2349.236799231225 2027.324765156986
0 7 -0.058772973716259 -0.059292811900377274 -0.017354052513837814 -0.09014108777046204 -0.0821794793009758 -0.08844993263483047 -0.024367207661271095 0.019522881135344505 -0.030602430924773216 0.03447072580456734 0.0890267938375473 -0.07885381579399109 0.07714953273534775 -0.061510831117630005 0.09337235242128372 -0.07613193988800049 -0.04926837235689163 -0.004012751393020153 -0.055616993457078934 -0.09836960583925247
0 8 -276.37155731075336 2650.1113865495695 6327.471854789294 -8927.143863034406 -4165.879277853755 5442.252397030581 598.2938383712035 6596.278091568419 -8431.489541123572 -2107.97788927303 4148.60453675402 -3570.44447213196 -2486.465432184998 7056.574566664461 2165.286277449157 -3135.6290714102915 -3534.6712947345018 -5567.020269428159 -9173.523244321745 7933.819205010406
0 9 0.010347218202522376 -0.3195418354749045 -0.7575827307051262 1.088494281617993 0.46786098918111246 -0.6819596191890694 -0.036053568156041375 -0.805129722616355 1.0550966376400683 0.2568698931814393 -0.5609412715830479 0.46115471471679653 0.23939336433495856 -0.8177214662305301 -0.2080775586540718 0.41539577305215 0.49944574608052444 0.7244491394243352 1.0749222025938352 -1.0641305584414493
0 10 -165.19295547609445 1583.4928649182177 3781.0651484546943 -5335.625247905296 -2492.623734204528 3255.95171103365 357.4772537187601 3941.7186794195554 -5039.5283422743205 -1259.4623545904374 2482.493814616928 -2134.0946061543277 -1487.7410938888247 4215.4756879831775 1293.8663064869809 -1873.7055901613242 -2112.64755066105 -3326.5597850259746 -5482.996909865958 4740.906093032056
0 11 -0.05481778830289841 0.09664864093065262 0.09175347536802292 -0.09064346551895142 0.044630128890275955 0.001245778752490878 0.030149752274155617 0.0810544490814209 -0.03200562670826912 0.030679767951369286 0.014214175753295422 -0.01706923171877861 0.09036753326654434 -0.09235193580389023 0.021871531382203102 -0.08071383088827133 0.015315258875489235 0.02268081344664097 0.05854453891515732 -0.08739815652370453
0 12 -0.06395731842327383 0.0904769589982318 -0.034603897717214754 0.08149345433973189 0.07818770107096432 -0.06447759831998011 0.07192114915017589 0.09531048607724786 -0.070738579183525 -0.09269066818766682 0.05440690844015817 -0.06714510334377825 0.08598443425906914 -0.08332989190800305 0.02639380116581092 0.07268939274760407 -0.06118882832270259 0.10019221527647058 -0.0315470499915077 -0.005666216674869606
0 13 -0.0586627921060256 0.0648363359644649 0.027083250121059506 -0.07258983314541449 -0.01770568241485832 0.044069246868479496 -0.06323496535168767 -0.08122745709646041 0.06448100116329855 0.020927830743565794 0.056237191267487975 -0.04100497406160384 0.06242683903872849 -0.08987451649160916 0.05127658586474339 -0.03598960191286696 0.0670668010566085 0.0644351921982299 0.0033246387586533324 -0.07842420607548152
0 14 0.040171760967863776 0.019852033226291185 0.061604243979254125 0.07636303789686655 -0.08889652221693328 -0.009160858356956516 0.057210086797528634 0.021831056315186437 -0.01614447720618066 0.09395654264977335 0.06583830568112124 -0.06052981539025312 0.01460167765885238 -0.025724743001774686 -0.07256933815875086 -8.619713628244206E-4 -0.055865816035853326 0.07238831254633717 -0.04343196842406084 -0.07107244931404423
0 15 -0.027615654559924277 0.05216012067804521 0.02908006340410406 -0.09570878033979208 0.08287568250381339 -0.0709467650088143 -0.06604463088216135 0.09289284336035024 -0.044683654558386 0.0725316458549316 0.008865618869630177 -0.07396796407340986 -0.018986518187419248 0.015275684642184905 -0.09160428636636651 -0.04985203495249533 0.060966513836392816 0.008951893750241883 0.04243239325263662 0.004016609120028981
0 16 0.03387305122920801 0.08192495273521831 -0.06305848070426084 0.008296881896124732 -0.0835411893840509 0.038839565057030116 -0.04943438662812764 0.0753118879019705 -0.04053881320985993 -0.05971108075002496 0.028646946767573973 0.016668456275377306 -0.020150210174345325 -0.040010997051499846 -0.0184192743930297 -0.03393566201329358 0.07982644112348991 -0.07768744664491478 -0.019171140252142442 0.015337080011923234
0 17 0.0664302259683609 0.05878688767552376 -0.030449634417891502 0.016440074890851974 -0.007655489258468151 0.09903503954410553 -0.04424265772104263 0.0428500771522522 -0.0010904669761657715 -0.08529452979564667 -0.015264439396560192 -0.06843596696853638 -0.04343770816922188 -0.030311238020658493 -0.09632434695959091 -0.06489281356334686 -0.03619183972477913 -0.05976952239871025 -0.03038661554455757 -0.030557941645383835
0 18 0.08854411071031441 0.08806482453879691 0.08531466363636667 -0.007958977895290155 -0.011249078834730574 0.03652852269540638 -0.02209119875463801 -0.006989391243880014 0.008221816898581966 0.08216996263087697 0.06316613831147588 0.04838440732460993 -0.034478623559214557 0.0452186610443833 -0.05780820961436851 0.04956886936822657 0.07302280277199735 -0.05469455146395368 0.007703822155778243 -0.09854831676444709
0 19 0.02295167546337183 0.0950768441172361 0.09345285029977693 0.060965092343443 -0.0498837055642625 -0.08216187933779823 0.06318372597816704 0.01019265247038629 0.01814620138869551 -0.05691236629387709 -0.08561913168574235 0.0010970871080674656 -0.06471232655757667 -0.09767319118316851 0.0033902022467995866 -0.037707949885816744 -0.06305643373617675 0.07303695074831001 -0.05657189146783938 0.0498157491353626
0 20 -0.001974420145185995 -0.07335623780321454 -0.07587588394361963 -0.05341816737853625 0.07505418251901705 -0.0553347010456496 -5.521223632340671E-4 -0.05802007231422751 -0.033320547805238986 0.08778919259665112 0.004516209427982565 0.008401246623633904 -0.054616995579474636 -0.010406196378750922 0.06177313289875011 -0.0042886093067411825 -0.04008109659805699 0.010864181353858223 -0.06389842428610037 -0.013147778987654828
0 21 0.05697065021844323 0.04614963195116193 0.01930627716053826 0.06056850758775139 -0.07148029453981024 0.06676644205104909 0.07168532008860103 -0.06313800454944817 0.04302248091122478 -0.05642760243031003 0.008243986603833908 0.004361126537829262 0.03449299666703313 0.07007941176435956 0.06193033836638946 -0.01518427133909523 0.07816607515393556 -0.09746724877522149 0.09543165332703922 0.06399554500734086
0 22 0.04166618136706891 0.022030523376458888 0.02523116489921839 0.06394575444664068 -0.02745258561659453 -0.03753262932324687 0.033301640838853404 -0.08660020221208156 0.041320284829498316 -0.07762234579849953 -0.05587020039462538 0.07257305828510036 -0.07397880923598722 0.05479199742977084 -0.028427095174988527 -0.09400954488377877 -0.052345382267842806 0.07064081514595198 -0.10538072223466965 0.008333360417947295
0 23 0.006325119640678167 -0.00866386853158474 -0.05608486011624336 -0.08216541260480881 0.05547478049993515 0.09740652143955231 -0.03347131609916687 -0.060588665306568146 -0.014688408002257347 -0.01977744698524475 -0.035542167723178864 0.0574660487473011 -0.08188997209072113 -0.08468319475650787 0.08984606713056564 0.021989524364471436 6.561934715136886E-4 0.02002936601638794 -0.0781339779496193 0.028820019215345383
0 24 -0.007890844632496324 -0.015248858117674612 0.09598595962845957 -0.07474067090618136 -0.06709551592938409 -0.04854122470374546 0.01206646794145636 0.008303858942417733 0.07655839740940273 -0.0829217184599332 -0.029780730410623235 0.034521808118129944 -0.06602113825458887 0.05803942463012975 -0.06096819530898241 -0.04763505402407387 0.06942509568408647 0.021384737659312515 0.06448768112622691 0.04144052262358099
0 25 0.02867839490141019 -0.07929300629894911 0.008702576736293337 -0.07644336670343437 -0.06373009236144105 0.0803324307785915 -0.07378411644912934 0.029076813398544663 0.03419436894414458 -0.08913847197292263 0.04306785154073828 -0.04827503623347566 -0.05325012176109171 -0.05804941184838149 -0.010713014027728403 -0.03305197926158911 0.07368679930356467 -0.07078442164659768 -0.053806125945849284 -0.06448149252706402
0 26 -0.0805116942649473 0.015336625543923184 -0.016792470721236068 -0.07241433266964678 0.02177208701058494 -0.05431506056592199 -0.04765712281795194 0.03458857183874911 -0.045144044354856486 -0.05157911072486841 -0.0923275065765798 0.03992607903509431 -0.023982828239570816 0.057021602927926844 0.09494971973247449 -0.013391162345591413 -0.04529273223939874 -0.024069039430467627 0.07632272170489644 -2.98423980840276E-4
0 27 -0.028540600288173037 0.06751161251049927 -0.014742505243769358 0.005527543711949911 0.011142224755260397 0.0920708542068676 -0.05918238168129961 0.021345029376730808 0.09413760597947779 -0.09646078692786506 -0.09234441842901957 0.02763018673654718 0.09597190276072327 0.09212140719511938 0.09453553987839929 -0.09829375745108855 0.09334141335301714 0.00872262958152068 -0.035195022960723424 -0.061350220716531255
0 28 -0.031903607786873074 0.008938570801639628 -0.002903426521355113 -0.06358305395927887 0.07773819605960718 0.03057278491511081 0.048637246743756614 0.07917263892932963 -0.026979360081607454 -0.02585149097559305 -0.005481054618360252 -0.016859561111418026 0.05264674682829891 -0.04356884160983947 0.002759350670070902 0.06581425253313655 -0.0841592385853957 0.08698252110125626 0.0385825967924237 0.032359740645088536
0 29 -0.09924085438251495 0.08273914456367493 -0.06584836542606354 0.0314975380897522 -0.02959272265434265 0.07910367101430893 0.06820474565029144 0.09119777381420135 0.07584993541240692 -0.05043701454997063 -0.07274873554706573 -0.020909596234560013 0.03742902725934982 -0.09927143901586533 -0.0012542188633233309 0.05228452757000923 -5.699813482351601E-4 -0.07970837503671646 -0.04149750992655754 0.0023800968192517757
0 30 -0.08949573445077327 0.02048282776540938 0.013656085184182149 -0.0643739429656595 0.06003200899589523 -0.020596619268453523 -0.043045246666844415 0.02755015388614754 -0.05991897123231849 0.04376266155469227 0.04478273914209367 0.05948301849732488 0.019947204033487903 0.031298859696388924 0.010391849115214461 -0.010563921662750265 0.05958644941596603 0.058887228542000986 -0.066742415022213 -0.019327799386176892
0 31 -0.0371249169079131 -0.024503767128068992 -0.023036641042275655 0.03391000831554884 -0.08037167283731307 0.022491818830775785 -0.02174662101549446 -0.06606652426769868 -0.0824734996916294 -0.0021047570290275586 0.004992127158800016 -0.05042997756138411 0.06811858844413927 0.0888777450698999 0.011760108686019764 -0.05419536856239586 -0.03288405486248121 -0.03654402694345023 -0.04051661594897511 0.0675781059932473
0 32 -0.07167106234767198 0.040384847624791186 -0.020300795766876253 0.026815300222787188 -0.08815036859633288 -0.06903499433174874 0.07407896719706777 0.08883137731590014 -0.05760748775299387 -0.023928554813414542 0.09020315268695572 0.09066344623114701 -0.027285787765635377 -0.0010267545835169298 -0.045097001615179926 0.07226227603092204 -0.009115491925650221 -0.09864843958878623 -0.07736208184269257 -0.02103721956144695
0 33 -0.09516058666549723 0.9520055545729302 2.409923781902478 -3.4446232571693036 -1.593716621933662 2.0390061695374397 0.30558425918447185 2.403847193316378 -3.2724450414780417 -0.8734726633948797 1.5932896465281863 -1.3709941873329279 -0.9832785881481066 2.622666492046785 0.8994534291607094 -1.1952752173011563 -1.2485643130009365 -2.0611659922953764 -3.428763696974348 3.0827605872044277
0 34 0.03801795078192836 0.04989840207213586 0.07784127789955507 -0.0651224676232576 0.012303316193991547 0.042636225032616874 0.02483488767964101 -0.0608468049672108 -0.05977751618978688 -0.014046065740227886 0.0963417500031214 -0.0041880614292340934 0.06997133607700971 0.03416609089494493 -0.03336244051085918 0.00999247208946234 0.04100986959138165 -0.006933565229829677 0.01759779630892794 0.014139471792211509 0.019080075531211355 -0.050396075816431775 -0.07335068176606668 0.029829422342481655 -0.04791491575680033 -0.048116606896522945 0.007992833372952604 0.08713588514311457 0.018520396039235613 0.08705027250641169 -0.096336593547289 -0.0803238141253719 -0.01850516328218183 7.774055871227383E-4 -0.043646528762575444 -0.08386584883636554 -0.0550312584373857 -0.031222962895328006 -0.007039123033156533 -0.07512929960187344 -0.06576527114561664 -0.006846591634302815 -0.015664245267869206 -0.01939819915064436 -0.038156076686713176 -0.010780312016310625 -0.006343372853813007 -0.03117527844808123 0.028946501360866617 0.07850945988672964 -0.08321358994991047 0.024653372491385894 -0.013045393733759899 0.02141938480057462 -0.017467771663689464 0.0057855113176737 0.09368758651868635 -0.019907887036940745 -0.026399403169054616 -0.038561985820043325 -0.0743185249476338
1 0 -0.03914784223213958 0.008724196144186408 0.08194377269320847 0.0294742772965799 -0.016239283296755568 -0.015860263611236977 0.02593236418704967 -0.09633968030220662 0.02374568318840051 0.02067443959441874 0.012483906212216877 0.012174843998521402 0.06753266865370254 -0.018599498691926026 0.07448630399605254 0.08790672352113747 0.01930413907397701 -0.004910227517899687 -0.004791961943553044 -0.04112648504548326
1 1 -0.0840678393207686 -0.042255497265242414 -0.018732134303621563 0.046591324623617716 0.08322879038382265 -0.029343693216399236 0.01870335455241835 0.09316700752929274 0.05589205499541163 0.08975687419470743 -0.059721956135341245 -5.853211007596625E-4 0.03201930183594334 0.030842459500991213 -0.044761034896266934 0.05958310336816606 -0.057281549790291035 0.032427983251470775 0.01917660276947729 0.0057932595914316105
1 2 0.03379123946925686 0.03803707438560413 0.09060327072521673 0.028288064855041546 -0.09445962406835823 -0.013786948522332653 -0.07559264219850094 0.04462226876003912 0.048068428248512735 -0.03071618230945281 0.06096588291841294 0.04318341362326058 -0.014667452104415444 0.004596102126506103 -0.0736593375027147 -0.006889588200363467 -0.021922230545034487 -0.095721756229097 0.07231618249324917 -0.08319269045289425
1 3 0.04771438558733612 -0.03174119674121668 0.009602063939365066 -0.05849584556720782 0.07543763427073644 -0.06678168990237575 -0.0655203369889401 -0.028258134492937372 0.07499492614340073 -0.03133283459417561 -0.018868917675460516 -0.028022973167236388 -0.03470577151675839 0.05904250393481897 -0.00651980478469073 0.00514116850175183 0.04716677524398632 0.0989684460777678 0.01833534291681557 0.06614239402486115
1 4 -0.09554916657068284 0.03479256114917786 -0.08931467937181643 -0.03048437006817767 -0.09602379131474417 -0.03624179549201353 -0.07993577937567464 -0.05799879946237872 -0.026288355452803825 0.0618250051206971 -0.08069267630118686 0.09386701669935497 0.011306848622896496 -0.01738378992107359 0.037616507153160124 0.09365275418698635 0.04239445222896136 0.05022581491808698 0.07132552853151145 -0.04800952212304039
1 5 -0.07811773213875556 -0.024491826880858863 -0.05482051402939835 0.026528429998641443 -0.011936278311022994 0.08012373385556103 0.022266257045048577 -0.09940411754025447 -0.09561803425726689 -0.02608621762041076 0.0038959467703659134 0.07535783933515285 0.0740537700889082 -0.054949833046695 -0.021891363898545495 -0.016308942308804645 -0.022951187648440043 -0.096261916260183 -0.03518005905890136 -0.04890056451939333
1 6 -0.07966580506952263 -0.04337053416574743 -0.09235554708432424 -0.0969009308251451 -0.022672939065985217 3.2722909309029297E-4 0.03685823299091945 0.0995424860821382 0.08686516537105893 -0.09473906133559559 -0.009838785050236915 0.06543682275629129 0.09765325996317734 -0.09351209426330871 0.013336228215558294 0.03493475597135096 -0.06951365092653125 -0.04061526752517471 -0.028711749310483783 -0.08840261931928914
1 7 0.04230556851260311 0.008555955539583663 0.033449770700114935 0.0433613928884297 0.022269505703384682 -0.01745419450331034 -0.02328219425073822 0.02891364885962951 -0.053443247620572565 -0.02975340474628758 0.025826555306394522 0.012582638182065045 0.07019935048367124 0.07304007561039547 -0.0871650736991847 0.08144208430822068 -0.07184005581569049 -0.07767632155540757 0.023253931699876017 -0.04740813584035604
1 8 -0.01605781159996401 0.041933440713125485 -0.05441855780913991 -0.05462397038432487 -0.04990236423600588 0.053447287506774216 0.0830226831670688 -0.015932048155837757 0.08365700793524462 0.001937653428733807 0.03203055292754743 0.0948179353257156 0.06644900226078777 0.016454049351049323 0.03512126183829399 -0.07968087517132046 0.040329863902725305 0.047596329602330976 0.05810854320876198 0.06775193708930868
1 9 0.03400594741106033 -0.09406305849552155 0.035345084965229034 -0.08758959174156189 -0.006869524717330933 0.04225930571556091 0.02536923810839653 -0.041142046451568604 -0.06955773383378983 -0.04736008495092392 -0.025192517787218094 0.0389743335545063 0.08795128762722015 0.03472275286912918 0.03422326594591141 0.03556948900222778 0.0243221465498209 -0.0417785570025444 -0.025569181889295578 0.0455782525241375
1 10 0.08145689296799771 0.052149782926635156 0.06502019172648126 -0.03638461699755817 0.09330309418645207 -0.09628629208208472 -0.016188261485490508 -0.04772027975571696 -0.049625116973873146 0.0054577804987222915 0.08389456759782654 -0.08424921072881479 0.050293622693429026 0.010120177481833269 -0.07762681552344816 0.0646942962313166 -0.060704038254988 -0.06807774330386474 0.021490349762196936 0.08649431587143773
1 11 0.07910239641702325 0.09077884770477489 -0.0980507436688817 -0.08434572808049245 -0.03354667218392207 -0.015419838508199285 -0.08947300738431439 0.017621486565765097 0.09658688007663971 -0.03203456752769688 -0.07157730132504819 0.022238600698773325 -0.04433108718295712 0.03534041891666101 -0.023627881968056548 6.894587022833131E-4 -0.08832043103624518 0.01618215051478529 -0.03999588401320667 -0.005000272016989882
1 12 0.07761474934118022 0.046347357443304746 0.06857023947069299 -0.0878362673121444 0.002516386800704778 0.038792574345445835 0.055165084057669324 0.05837302185859439 -0.030759184913130035 -0.0850358656571692 0.04320465716699764 -0.08201121549007126 -0.07295461022858252 -0.08023640990480373 0.06374248243859058 -0.004814177514168885 0.00429258976472381 -0.048874926062753836 0.051580175030012 0.0679869445826712
1 13 0.06655861065392718 -0.07259058860849786 -0.04135062234308546 -7.232863198895347E-4 -0.03686034787134 -0.005838761942836611 0.028297403025418895 0.04466304854780583 -0.07644911224261124 0.03578202498230357 -0.028146325051066408 -0.06852280257953303 0.06781124907492295 0.006694534579467739 -0.03331569748583924 0.07680010955555201 -0.005945523787926685 -0.08193884231858385 0.04250509008614532 -0.003518854668983462
1 14 0.0354327960898547 -0.06219543737320019 0.03536795933624738 -0.00834717382222172 -0.014566700944223522 -0.011568243851665005 -0.07522418118566067 -0.06066487333791086 0.044369185179817666 -0.07069380732185064 0.048343802175100106 0.005133287338899572 0.021311490073774246 -0.050481904222997906 0.09070026184916824 0.051315105053720035 -0.06020334345435156 0.007800520742392352 -0.010429453388770962 0.019514878103176203
1 15 -0.08633708953857422 -0.0014070391189306974 0.08740894496440887 -0.0051042139530181885 0.014484059996902943 0.014503717422485352 -0.020129704847931862 -0.09444344788789749 -0.016423309221863747 -0.008890586905181408 -0.09444762766361237 0.07691185176372528 -0.02838039956986904 0.0449446439743042 -0.0688030943274498 0.049624573439359665 0.06509365141391754 -0.061502665281295776 0.006150758359581232 0.004083561711013317
1 16 0.08824538216491622 -0.060293594474821105 0.034095438411818065 0.017392912014487148 -0.02303087156648979 0.08013281217711211 0.08169716024090823 -0.043937603373469525 0.03080893202969867 -0.0794547545425374 -0.02376444055909747 0.020334459958452657 0.01957784407046486 0.06584172152165166 0.0618303444870051 0.04675519151655902 0.022589548276242346 0.02499899782929256 -0.08448574248949754 0.009792429776930732
1 17 0.08078517766181614 0.007583915281504616 -0.07935701514784367 -0.043843834660101604 0.039729326287493184 -0.02186397738501067 0.014350995959562936 -0.005567347524342199 -0.015132987814417022 -0.07034008688758728 -0.0653258323758939 -0.05691180719330276 0.08258389460419721 0.03885252159895426 0.04496232594830553 -0.005957261891876249 0.02214466252548173 -0.016982271637380385 -0.07865925470318084 -0.05718514942571859
1 18 -0.08402826904787662 0.08292039165149023 0.08107524765139981 -0.06075243753798335 0.04495942110588319 0.0338812346881331 0.010000047952768317 0.03078928059783534 0.0929143654311645 -0.08168796192578363 0.013116801740742031 0.023852576437053626 0.012448892233273017 0.06088578059974578 -0.037492720294967766 -0.029680391241100196 -0.042176228074243136 0.016655323558095767 0.04172271813277881 -0.028726050610234515
1 19 -0.041465257198605075 -0.049353437842407956 -0.03627691309073931 0.013510928819778 -0.03433578558407084 0.09306850167572138 -0.07887523389905483 0.054154698037936 0.09512292391096379 0.09669019131058039 0.06860346563773907 0.012375341086076689 0.0026727847046892307 -0.05772514261248994 -0.015007592183347995 0.07279744977050702 -0.01768575404917248 0.031468125870531674 0.006549365068802696 0.06558071152273746
2 0 0.03127839072833627 -0.0010678875199676323 0.0665649376505834 -1.694710988040957E-4 -0.09181396906697964 -0.04786855354304983 0.06429913566634356 -0.01648186996849752 -0.042114954351980684 0.005086342688388804 -0.04349562059224917 -0.08669103292720141 0.08877590585660741 -0.013412650614648006 -0.041859905959599125 -0.0686106808939878 -0.08244529133796413 -0.022639918425245476 -9.344498138043519E-4 0.020137547794833243
2 1 -0.00765924820745091 -0.09839535980121397 0.007391923089588895 -0.032685662688371454 -0.07068658278690801 0.0010922346250992587 0.06510570128929163 0.03144690244707342 -0.023624736059343662 0.0015497066577261124 0.069787432659092 0.02047784703870969 -0.08400858440470098 -0.08433080397739337 0.046956196674415036 0.021201506294906323 0.09176295468682047 -0.07012180728534698 -0.01865575843385695 -0.06461674378837748
2 2 0.09565126319350829 0.05674967541058822 0.08387066315318926 -0.049276246995036 0.07643041523575629 -0.03837596335496822 -0.03370370000052626 -0.07005061464863056 -0.09546771137215661 -0.013785814663975774 -0.0734994973674215 -0.05567261683039483 -0.0025331524965095556 -0.03377726302795473 0.0903482530332809 0.02719543434013035 0.05170885689501026 -0.07186685960838715 -0.08894471565025433 -0.0044194775719609055
2 3 0.04856419252754996 0.02370944035091879 0.013430382181616097 0.041345471578613714 -0.09762028340242601 0.05229479438093445 0.0906232404610476 -0.06896302353635167 -0.02822613110456977 -0.0028357607322270027 -0.05630334133553962 -0.05916979444968488 0.04986734275798563 -0.0020695532913670663 0.07288822079156514 8.103366188396556E-4 0.030199878675313624 0.04381737579191568 0.006937411350179599 0.09685480817686352
2 4 -0.0939315669115241 0.037263997682806915 0.011222045520755432 -0.049614849405273394 -0.01259908081274342 -0.06077357593174132 0.04812654082269389 3.2596196203685275E-5 0.09284685439637665 0.02011417093990326 -0.09857186086079033 -0.026873354461905623 -0.07238825431372056 0.0592073684211231 0.023772874845530746 -0.09083789978990005 -0.0035529307373238592 0.0063484375501645296 -0.08579821942124989 0.03117199122435549
2 5 -0.03557055950943637 0.07133008448387289 0.088002191131255 -0.08173045092209479 0.008883403238364894 -0.02425757319844455 0.06508062570922678 0.0771862380096021 0.038924694406211297 -2.2195817972667649E-4 -0.039509807473711786 -0.06168493787198542 -0.09776502826952273 0.07150762231267484 -0.06158644302245255 0.09622965478727848 -0.09892384064125119 -0.022267739571342243 0.06748458051752175 -0.0843913521368676
2 6 -0.05288052095432768 -0.04130071343581669 -0.02207514294232974 -0.0010529384634552581 0.08840940021493507 -0.02105043798017883 -0.06164564038748067 0.013805931234202104 -0.028260546131154182 -0.014089288213121694 0.015268608911089944 -0.03212367906387528 0.06716091789011605 -0.05210778714782979 0.06292301350578576 0.006872946456279131 -0.02492221678499724 0.07606025834398486 -0.08351174357622826 -0.028191210860751412
2 7 0.03636308454643694 -0.06190547926523525 -0.05690038427838174 0.038979827851879326 0.09856028794464948 -0.05083428397102165 0.009682205898103856 0.08877455951734364 -0.013466564382303186 0.009988493781056804 -0.036997380625604356 -0.001591483291318343 0.05647378899915359 -0.05588160361061358 0.08976822026567095 -0.021099810572291815 0.047586992517940144 0.06900881249305883 0.08959801553222528 -0.02746048052075596
2 8 0.027746558863468527 -0.01983741338313657 0.024152427338817478 0.08865541173492335 -0.020817420092507418 0.09928327434409123 -0.07691779169623644 -0.02374559775412761 0.01435790285276494 0.021646263561912436 0.06870154079944125 0.004730186635847744 0.007945355927879903 0.024027138075560492 0.021663164872606503 0.017757660763540604 0.05684147332754626 0.038454497214213096 0.008715242837461234 0.03802325650392449
2 9 0.08756492458258261 0.05329812222970205 -0.018219120698406435 -0.04525306085977422 0.07221195114900464 0.013566944416048976 0.045787134665086576 -0.022729877660500386 -0.02748897454360976 -0.029761616627711627 -0.02376150336788323 -0.03689559132246115 -0.04777673765882852 -0.08038741255930805 0.012369747919988657 0.09109594407320792 -0.08922552743956345 0.0956795621788758 -0.005837629600791022 0.08268911763170472
2 10 0.0991304558682179 0.00363947315601595 0.052607867025910485 0.07092724842531281 -0.02232143939844031 0.005762249426182786 -0.047919434239921774 0.07924917640390097 -0.02478500612064287 -0.024862452172149913 0.0348549372218368 0.015356067051551346 -0.044315479908242965 -0.03269820569588552 0.04085400702036698 -0.090279608308056 0.0165994075537657 0.022867569177672433 0.08457958627985487 0.057759286875413866
2 11 -0.02718457061824448 -0.04141385919447748 -0.011164280016034756 0.07534884860269282 -0.00859954836922769 0.025597221289783145 0.052512601790773904 0.00927202112348709 0.03565378472041682 -0.02936143255827312 0.06376052538696957 -0.06674836293125101 -0.07244949596460558 -0.034956691798394925 0.057367577499976515 -0.04141819897061571 -0.08831335072160494 0.05724178491646756 0.04092829312661365 -0.09990556138913413
2 12 -0.09310513450260749 -0.0507795772027612 -0.06771258832597367 0.021679993215453202 0.036984277095834 -0.018825748419315173 0.024166101625234186 0.027068168821147837 -0.0825732373600247 -0.00524634942084568 0.012080211442301557 0.09415114407851477 -0.08577817056267414 0.024296585661149495 0.03144820737921779 0.06944360923746246 0.01466374789380412 0.04405736212042022 0.032424926900722725 -0.02337929794589466
2 13 -0.09418010185707824 -0.0945996638298047 0.0864653562015654 -0.08830721292954527 0.0901863888417132 -0.015630598247226127 0.01945254904038393 0.043526170951053614 -0.036531069862534814 -0.09228127863733643 0.06162218433601705 0.07922688568928223 -0.06385507462554961 -0.055392395449350366 0.09532688168932978 -0.08057069968524239 -0.011962799816487164 0.03631854577467716 -0.02241685461121776 -0.020384909398365184
2 14 -0.0929023392528746 -0.07482340438305408 0.032458479160845065 0.04046198960783365 0.026966693893024883 -0.07529778124910207 0.024251814334383916 0.029736891563145004 0.08977468170098264 -0.09367326985802597 0.022895618289219734 -0.08007917125417832 -0.09533758044613122 -0.018366216530362627 0.0394815002103156 -0.010723411482219293 -0.08699528843502571 0.07487737649367386 -0.038397262167919124 -0.004427640133350213
2 15 -0.026119437830737793 0.04613846847199152 0.016272762499884227 -0.09247565333873153 0.04741260882026575 -0.049304270598131625 -0.0444190740226122 0.05692295277681049 -0.09654334588026382 0.052264328101170536 0.09581398829062195 -0.0937226369725291 -0.07927890908045301 -0.042564933163650176 -0.05921035010740546 0.09555108921974513 -0.028445878574697173 0.08839426244354102 0.040967960641686556 0.06570909715743685
2 16 -0.036762411264264 -0.037599879479793555 -0.0704712190951085 -0.07327603824000281 0.016476594392093074 -0.011422346139554175 0.05164705132893626 0.0947342713449817 -0.017132312917811206 -0.037611376384004795 0.050881207333601644 -0.0635178318267183 0.07669398931072743 0.05743193734928803 0.07080819757536283 -0.06870871963129349 0.08521553891902567 -0.013067840324625464 0.03560658135681 -1.6489771110939267E-4
2 17 0.012025660273758735 -0.09015471959446071 -0.006421111550990306 -0.0381203053178423 -0.08533487324636638 -0.04558026040222141 -0.05180398005725127 0.023553160149136543 0.015619562519869191 -0.09906763780181728 -0.022087010960368247 0.026488215381707855 -0.022292854604281025 -0.0043950666789581835 0.014763848711028833 -0.05023281654792108 0.05746160465702056 -0.04480791268428439 -0.07318972021272127 -0.0702312051370771
2 18 -0.02098712509481953 0.01692510880771942 0.029599638368852394 -0.009401637811692376 -0.024684396308347917 -0.07642905284405849 -0.09061361664669672 0.09329814850239182 0.09682936603022725 -0.01993525206268673 -0.06337869683579637 0.013083860204258703 -0.011864264899915995 0.06887725370524074 -0.03853067953811639 -0.04640887637912954 -0.09572261039353444 -0.0018730186257297373 0.07711409426151822 -0.053179573837092535
2 19 -0.08156234455296708 -0.05512674707131813 -0.09895820180193918 -0.06593141695381405 0.08688684483811639 -0.07401942268577719 0.0315378996880019 -0.0424009974094343 -0.04096652848448647 -0.05094366667546272 -0.05919903396915779 -0.03277690011032203 0.015871429169740246 0.03050529639083401 0.007098201203056783 -0.04220302427008575 -0.005443361167333886 0.0968886905387394 -0.004882620901937038 -0.036154468276422436
3 0 0.052255724657798805
3 1 0.08408076603838806
3 2 -0.0014979797044978919
3 3 0.04487183365585817
3 4 -0.044420449621214456
3 5 0.06598995618067496
3 6 0.04495037665306925
3 7 0.07222221429886563
3 8 -0.08972842450159495
3 9 0.0892401148588953
3 10 -0.09555199126018155
3 11 0.002659863774486124
3 12 -0.0306917646162227
3 13 -0.01101553316653163
3 14 -0.0210486417517135
3 15 -0.03295400997583934
3 16 -0.07976627905334106
3 17 0.08842137834668658
3 18 7.794724492139322E-5
3 19 0.021477928935001257
