## RankNet
## Epochs = 20
## No. of features = 34
## No. of hidden layers = 3
## Layer 1: 20 neurons
## Layer 2: 20 neurons
## Layer 3: 20 neurons
1 2 3 4 5 6 7 8 9 10 11 12 13 14 15 16 17 18 19 20 21 22 23 24 25 26 27 28 29 30 31 32 33 34
3
20
20
20
0 0 -0.06796329876250588 -0.010096776918245598 -0.0393361408608906 -0.02686955368879588 -0.07772778260735624 -0.07566049118195041 -0.010728105963706965 0.0886263194002541 0.07950525211477202 0.05984965069994756 -0.04299313760652219 -0.095915350406086 0.04526285689906675 -0.02081755705766317 0.02146481939787575 0.06348879672064646 -0.09046206943531061 -0.013055985862357478 0.008280591217167592 0.06978817564951272
0 1 0.06780874091938607 0.02430420109349651 -0.04442158944519831 -0.005694222685286367 -0.08691710941324855 -0.03848016366754043 -0.01565169266420512 0.02227640846386051 0.02171679562275628 -0.09218495579292663 -0.013623358463175675 0.08140724440728855 -0.07210944833399935 -0.08683113584468077 -0.07527539615702472 -0.08151940848466173 0.0720298046111306 0.081711102039735 0.07051837878125802 -0.05138170110311418
0 2 0.0929181237789727 0.0935991430646468 -0.03359338158101875 0.09635462024767993 -0.02420056173828762 0.04330825018525574 -0.09571903643091892 0.039768217153993514 -0.032170266906707434 -0.0951123381712938 0.011619161463792665 0.02010450485043385 -0.02664986426616399 -0.02448212694375847 -0.061329538560937515 0.09091532278212672 -0.05972387982386421 0.03616845345894367 0.08284573421181078 0.027227989339732583
0 3 -0.08591576665639877 -0.09755365550518036 0.04512258246541023 -0.07230968028306961 -0.09627200663089752 -0.09833547472953796 0.08149086683988571 0.002555942628532648 0.01687070168554783 0.06474705040454865 -0.009963000193238258 0.08590701222419739 -0.0424051471054554 0.07686623930931091 0.010316019877791405 0.09979861229658127 -0.019069259986281395 -0.07319534569978714 -0.027290338650345802 -0.0551089271903038
0 4 -1104.4463589961583 -1553.2351126952103 -2056.710337151013 -972.8785585028306 769.3642998466355 955.8813214261534 1308.5947860313745 -2677.184582602667 -358.98075312067147 983.9655707332313 69.30184685180467 -2048.5542752083024 -1647.2881854611683 1262.7920882149733 -597.554429428323 2129.852622724125 -1498.740351593059 -472.2816381064415 -43.48847218166611 1332.2062071349733
0 5 -3.486851664813368 -4.896212805306406 -6.449290575984144 -3.1241491867195896 2.365576824346852 2.9837218268598478 4.13172941821252 -8.282613610952797 -1.0532429354123725 2.9823933010945076 0.14296865136410372 -6.282814475241309 -5.117332541393862 3.961386624960299 -1.7943452673499187 6.624738121410847 -4.703119244131654 -1.5791637387556585 -0.12288047908828188 4.264752903691899
0 6 -1066.906935475344 -1500.5597626284427 -1986.9361072038903 -939.7690537914682 743.2638493220378 923.2079641928273 1263.7793875691916 -2586.378526153878 -346.7089448402989 950.3656151773955 67.01149635158876 -1978.8226119725425 -1591.4227416712313 1219.3917136146918 -577.4310672070635 2056.475937655131 -1447.7133121351178 -456.34438573070963 -41.67258150016004 1286.4731849309812
0 7 -0.08437575399875641 -0.047456104308366776 -0.07896201312541962 -0.023885900154709816 -0.09519436955451965 0.07880150526762009 2.602517488412559E-4 0.09932379424571991 0.024159396067261696 -0.009003686718642712 0.018633777275681496 -0.03461938351392746 0.020010191947221756 0.04705304652452469 -0.055618904531002045 -0.02929854393005371 -0.02653232216835022 0.08423956483602524 0.09999825060367584 0.07530473172664642
0 8 -3880.1221381814453 -5456.634086529624 -7227.324764689267 -3417.809112162674 2703.77684323884 3358.304864119332 4598.025816128138 -9404.230635849895 -1260.6254227562547 3457.801576989183 243.33233573319504 -7197.90370080744 -5786.189263092439 4437.850970312517 -2099.626988315183 7484.4818380245515 -5267.434920476949 -1657.5921052798908 -157.06872142076875 4680.657830988884
0 9 4.44513364861005 6.124574548470266 8.12761857244207 3.9135209969545293 -3.108489801348756 -3.6897528616809656 -5.131058527732711 10.518203724129455 1.4456103129817415 -3.8363105921818654 -0.1944213604381646 8.094719433397861 6.490109823928268 -4.912126945998476 2.4386196658619412 -8.291788490730845 5.966266818003486 1.93376447514689 0.22671196496712176 -5.326583084534373
0 10 -2420.8540234141215 -3404.3840943574455 -4508.992661066878 -2132.328392155029 1686.8459548043713 2095.36972717048 2868.8654362910897 -5867.541558049042 -786.555111088675 2157.459747137937 151.90294718884903 -4490.372688067916 -3609.9954010290076 2768.472099169794 -1309.8859265175806 4668.695938462585 -3285.6870739217984 -1034.6038056968025 -97.0693930715604 2920.3157474768227
0 11 -0.08658900111913681 0.0387730672955513 0.08069825172424316 -0.027750778943300247 -0.0892348662018776 0.030141722410917282 -0.06639064848423004 0.06098774075508118 0.03075355850160122 -0.09737970679998398 -0.08944705128669739 -0.0033075332175940275 0.08653132617473602 0.05950555205345154 0.08618272095918655 0.07368703186511993 -0.06460896879434586 0.019088292494416237 0.0689316838979721 0.03718120604753494
0 12 0.05703626422968464 0.09528070067916498 0.09151912289437958 0.05582414253268748 -0.06924342534313398 -0.06800142846887253 -0.09217418533117462 -0.02162261224774875 -0.05780248060907593 0.03459257005429957 -0.003024514887107174 0.0914336909216162 0.04857342457021789 0.09481572519560116 -0.0827251614670868 -0.08899312049862132 -0.046780984039597434 -0.024859584618645944 -0.061990689118132276 0.014549205067825081
0 13 -0.09018849391206434 -0.05564820627012246 0.04643731122925247 0.056585964241269354 -0.0897770713187419 -0.039322777544790695 0.024184375616241018 -0.0902766970357317 0.04405304083778882 0.06718317238864883 -0.07422644703916426 0.08952093222891748 -0.09086476344448814 0.02134257179025387 -0.03706682986647207 0.03389750319443031 -0.05909650666437409 -0.0337226506188068 -0.06263772607264627 -0.014114256458594411
0 14 -0.06659169582526314 -0.08634398194741848 0.07894114062984225 -0.10054258709237131 0.06788389853131366 -0.09106968684246533 -0.08672349276862285 -0.09155419458673451 0.06807395701995833 0.06829178756886928 0.015526840608204575 -0.07458632371168764 -0.09367877513395596 -0.05698109163859274 0.03711239858345537 -0.0032909417752426152 0.08129018912254071 -0.018241948000336072 0.018133686424767353 -0.04362221929931269
0 15 0.027168499881711373 -0.06747169819006803 -0.07089324253433271 0.038431100202450726 -0.001748941208128956 -0.02894009952094899 -0.07074392837996181 0.08605694679848767 -0.03441289994743147 0.03298791981355379 -0.06959937510598388 -0.04867344381802124 0.04643876696820232 0.05030414262425574 -0.0030283220936330887 -0.06672796273056858 -0.09037410560807091 -0.009478239365564805 0.03726119388726289 0.09235312025036102
0 16 0.06741762383313372 0.05161816575764596 0.03987113145055214 -0.06920571274355704 0.053574978289848925 -0.07909541666453966 -0.07580422875870292 0.03570443332057241 -0.0639528119203781 0.06012517946647712 0.05367270146650433 -0.0793073488734909 -0.01814999466312985 -0.02178922230815199 -0.029908778531633658 -0.06925645176642757 0.09003357708530675 -0.06990566275906906 -0.029644021164592863 -0.0037911952392581777
0 17 0.01552233099937439 -0.04701743647456169 -0.008796274662017822 -0.08279533684253693 0.0670212134718895 0.053277887403964996 -0.06570270657539368 -0.05554812401533127 -0.08362910151481628 0.06367453932762146 0.006841540336608887 -0.014781594276428223 0.04247714951634407 -0.054091792553663254 -0.013333278708159924 -0.09838264435529709 3.2813550205901265E-4 0.09033221751451492 0.024614084511995316 -0.023964624851942062
0 18 0.0832147827580077 0.04393346092134142 0.023408981180543055 0.07346159451828715 -0.022693404012018813 0.04533708644592098 -0.02391378423101443 0.07332790246836822 0.009775824545139209 -0.0645047580079802 -0.02534840325434688 0.08427551132741613 0.0020820327934805176 -0.09634492813236152 0.08889043401747952 0.05176131196380354 0.0777990480524729 -0.04268394397393427 -0.03824546561182616 0.07091642262027223
0 19 -0.07754543711791934 0.09927520955171916 0.06388177920747339 -0.0868837534915252 -0.012178255925427726 -0.09771735281915128 -0.02946968382089715 0.08993375600586809 0.042682645726777914 -0.008852763285164504 0.04464261262718216 -0.05774229496418672 -0.06129448660258455 -0.07897987497039215 0.06555499146310971 0.07069466008647086 -0.007462196186344146 -0.060782863879105045 -0.030687409963357472 0.04674344414970472
0 20 -0.05845919891364081 0.09676046876475813 0.01821855877225184 -0.05239935480080092 0.009233971879810652 -0.05179905456749434 -0.06310539220274677 -0.08934640128930456 0.08549413469203844 -0.05389418356674212 0.045972680139028506 -0.004440918879826455 0.02841302197509361 0.08450895597766342 -0.025053285585697763 -0.06615068485546802 -0.03088941615104927 0.04086730900146102 -0.08329656751948562 -0.09339394027392069
0 21 -0.06696139352102506 -0.09839593939771506 -0.021504798524713407 0.08531435318709539 0.08926431233677125 -0.007620157544345254 -0.024128298987581415 0.09688529946321853 -0.08544618361645058 0.002362066455480015 -0.053077745059545885 0.015841860484983816 0.05083526240105479 0.020084405179794852 0.02518639714485288 0.0417779964568395 0.02524609484993996 0.09371314544906383 0.0012482277616737425 -0.06078473495840796
0 22 -0.032286655201811114 0.003147460486796734 -0.10462854858555805 -0.05167150355533616 0.035795788739851044 -0.02649962069108265 0.04683055672454801 0.08670491856139599 -0.07160252605544701 0.030961041227088572 -0.09966136021127404 0.022554334862207558 -0.07223547373900974 0.06701987974636715 0.06452244154703501 0.005990878757544822 -0.07834529056542461 0.06694060634644486 0.039417920672164215 0.004555397720170362
0 23 -0.09450767934322357 0.08548317849636078 -0.07791782170534134 -0.010026472620666027 -0.09817972779273987 0.06043074652552605 2.620518207550049E-4 -0.08072569966316223 -0.017984604462981224 -0.06363077461719513 -0.04776231572031975 -0.09677712619304657 0.0783134177327156 3.742515982594341E-4 -0.042374588549137115 0.010459428653120995 -0.01849183440208435 0.06071341037750244 -0.033656567335128784 -0.013676142320036888
0 24 0.08916542594820122 -0.07747708022776745 0.021408831978661738 -0.004215216064649051 0.0012322669941021323 -0.092153488905406 0.07406217729490053 -0.08454099362329141 -0.009199787626678833 -0.06240084546993085 -0.054916454361148545 -0.06915624834468728 0.0782360307563371 -0.0293266723991408 0.05235358436648279 0.08116584908312104 0.08152625047126597 -0.006757921171335064 0.016000378085570994 -0.09971452553072578
0 25 0.02715813504718747 0.07735097357167339 -0.056457955408481086 -0.03752625902709409 -0.0693473097244618 -0.06184420579993324 0.03029374769163593 0.06171941582632611 -0.013415194932383254 -0.07674282070213695 -0.003300262545635731 -0.0952386166040227 -0.05997944959690126 -0.008464380726092778 -0.010489453433570013 -0.024836771947155653 -0.05833453263405063 -0.006197047733277089 -0.0886828427220201 -0.0836980782367974
0 26 0.06101246364048328 0.05535581831009878 -0.06130570845673612 -0.09776779458038551 -0.08890361357932101 -0.08954141841466846 -0.08490304049138425 -0.06492112612955366 0.09110096124641492 -0.06960809698913302 -0.014126189305431844 -0.07006117360035388 0.015059353411877903 0.03880790850362913 -0.013506063071057572 -0.09225190928578311 0.054818327364880744 0.004156536218931661 -0.02621395241590007 -0.07910927147593158
0 27 -0.00840584152702233 -0.059410977702130455 -0.0221612726439463 -0.02741899671747746 0.07601297367129933 -0.07666825666243675 0.08648744542330176 0.0707034768266136 0.06637868220541446 0.050747057320110714 -7.919939899238617E-5 -0.08783198202437538 -0.09387796966660164 -0.007831999572247075 -0.0465279648386645 -0.05754121155033849 0.02804652706963393 0.03264221221503177 0.08125759900554418 0.030324115368182573
0 28 0.07251529931963674 -0.09804360430770022 -1.702256441683012E-4 0.0609162573722671 0.036084216030537596 -0.08069545063711979 -0.09222595730066942 0.09148900457870451 0.09151229522492546 0.015563456501829498 -0.02624563438335569 0.09019544381635247 -0.05106548162689908 0.10011653231895001 -0.010279802475260929 0.05464810806867295 0.050401442530776774 -0.04862832817491422 0.07429508440541467 -0.034466757708794746
0 29 0.016040991991758347 0.09768305718898773 0.06837999075651169 0.05338723212480545 0.09801578521728516 -0.00887063704431057 -0.003326892852783203 -0.020100003108382225 0.09444703161716461 0.013092005625367165 -0.08226841688156128 0.008626466616988182 0.09990178048610687 0.0911717563867569 0.07144428044557571 0.05024949461221695 -0.003443080233410001 -0.052438996732234955 0.05307566002011299 0.06049703434109688
0 30 0.030738424717666017 -0.059881708459920024 0.011352650515543086 -0.03781026650886483 -0.06107987839155955 0.04783798463367622 -0.056017829292346756 0.030528033356340283 0.06603558789276288 0.0857688743186781 -0.09240892638415442 0.06786624272936134 0.012468495863157734 0.08326768162585066 0.06888625755200563 0.04553105232465441 -0.07232664273842061 0.06328242064648018 0.02207164917429631 -0.07094726377126763
0 31 0.07205521712451157 -0.09758775941176087 0.05616314182225454 -0.08936080291554484 -0.06691153580415625 -0.08092767325609301 -0.04129075215783966 0.007161191082377883 0.02951450484360595 -0.09285431518769097 -0.03046380512546335 -0.013635236002851277 0.058793305037906925 0.03087710164311179 0.018331486156893693 -0.0672739125798867 -0.08967573884440506 -0.09724031808600987 0.05582684824649967 0.020415790455349005
0 32 0.015285962372942394 0.07229052568550605 0.05359617992962128 -0.04958251936086855 -0.05051130529716163 -0.06414565847218576 0.06358239796088319 0.0012778388985701355 0.006978820815675171 0.08566990941795231 -0.036797175723674476 -0.07697252950636702 0.037060272469564275 -0.001688990863196298 0.09338137404724955 0.07862873048073311 0.019856963671320043 0.08890874852349347 -0.02654028522402943 -0.049826791201961984
0 33 -1.2808625248252994 -1.7996490215227554 -2.386958992129592 -1.173069833247456 0.8762522311874466 1.247356822899997 1.5288593442711151 -3.159451930438085 -0.5066007213729726 1.1064153162118817 0.16121462506825276 -2.368571869961896 -1.9755736088477673 1.4692306251994638 -0.8164227468073217 2.5600346195538504 -1.7826596587183474 -0.667296965553966 0.046679564263897175 1.6218183002691953
0 34 -0.020595368199470013 -0.06269011806817015 -0.009373027392477928 -0.07425673399939223 0.02561425350420853 -0.04906040226051257 -0.05589181146612758 0.07846343577106665 0.07954126955737129 0.08755140858814318 0.053888249319264434 0.057445457768265394 0.09248869802347835 0.07948690690964443 0.021169105163466522 -0.03979568781721532 -0.03587273056700507 0.06223955940811316 -0.058873255281390736 0.09533785363302734 0.04628672559095036 0.06526295905640415 -0.07331296084134656 0.07953035898357144 -0.055384063622268456 0.020995864894954502 0.027213439908141793 -0.031825972294188605 0.029650419723140375 -0.03422040792245754 -0.06029526552914872 -0.04746833056320951 0.05115155556322922 -0.03657713954508639 -0.09925830788092833 -0.010562843259020877 -0.008602531566553289 -0.09176802855877171 0.09818765347418756 -0.010488042303985052 0.09636827490161921 0.0713179429995048 -0.011576775301948205 -0.06330548116528029 0.03856314023040779 -0.09077260883812127 -0.004457923397547336 -0.025156884150009592 0.06508851602130641 0.08194030371466528 -0.04664752475420757 -0.015742844523774523 0.06696522113333421 0.07797990628060443 -0.021495118420245613 -0.06629897520259592 0.049584944947411363 -0.005000281041908507 -0.0034102727738221468 0.06898169613773165 0.08389675504042064
1 0 -0.001202132663690156 -0.02492852361009648 -0.08625853620297891 0.06637129015448281 -0.09018559895797128 -0.052830126978255516 -0.038062141920417666 0.06958454806809117 7.987652358838242E-4 0.04255173965731403 0.03248066511648425 -0.0038531628377599047 0.07877912832409126 0.009979962024795718 -0.05496780988492929 0.06068087958278375 0.03876596992632989 0.09911339087506152 0.06679027271642222 -0.0659042845610738
1 1 0.04194322368966095 -0.08517346516648505 -0.05458419705814859 -0.06700002168851549 -0.05656497268055183 -0.08606841410583646 -0.050822805934881914 0.09824774855121185 -0.02213484034498477 -0.06329849670726624 0.0253181136589813 -0.08121176467912793 0.007482563184370489 0.012661073371669917 -8.381188119580975E-4 0.0336134432917084 0.013464654880954342 0.08189579847324249 -0.03856451595584257 -0.0405306060381309
1 2 0.021015794934130597 -0.0024646658207184194 0.07184055950120632 0.08837193886941916 0.02630906797168001 -0.09035682429818177 0.04103598200604566 0.07459020494920383 0.03696817880504342 0.05321962555935971 -0.096899719347803 -0.08303765968460979 0.024964214007808207 0.038717614014294424 -0.09488679324780067 -0.05981600522568164 0.04589587003394093 0.0737347765853106 -0.0984665416795328 -0.03189806375655193
1 3 0.03631837162312908 -0.07255815582716338 -0.04631227137224105 0.08699338271919296 -0.0969885617097007 0.03757545099260582 -0.014899792258241893 -0.0723814298202505 0.053291232240082836 -0.03671039700772965 -0.026459059557439404 -0.07660343384263377 0.05967442284100987 0.018089365834954955 0.00899082793291525 0.030452201971167957 0.08258913608672788 -0.013958089396231048 -0.01604601118570796 0.09909306733566717
1 4 0.05053222783891871 -0.09408501081716965 -0.05184541109792011 0.04197423072769667 -0.009963064766941282 0.05119745018552261 0.027959269157713386 -0.08390132029228126 -0.06164692059306241 -0.04059824200492119 0.09940258010070988 -0.07618035055036504 -0.08189061869240045 0.049751753116473424 0.08795378845642729 -0.02517437048103858 -0.051822109313340005 0.044275658470096055 -0.0038765511513364913 0.032036138309197264
1 5 0.02783272713253304 0.02193104392643727 -0.019023710832653123 0.017509351133501997 0.08690700592010556 -0.007827389393819733 0.02818035715016692 0.002864555402983998 0.07152664133132064 0.04072056733488607 -0.058988105979414056 0.07979064468897756 0.04059704599304822 0.032943225314082177 -0.055640167292665826 -0.030226024016965312 -0.005387461239069073 0.034563823021952954 -0.06664066413396663 0.050415349978278706
1 6 0.0921004426896397 -0.0961888524127159 -0.012583813813950443 0.09255643285765178 0.02674346049359543 -0.00420674721548023 0.09652052246332025 -0.062129678100078 -0.08184953518117613 -0.05727326545171577 -0.04648474360561864 0.09943188627385383 0.0596714128064473 0.06352547167115655 -0.04726996846668242 0.029573932131361946 0.011786200919582426 -0.06420715137443539 -0.02714366098990554 -0.08703470134404097
1 7 -0.011419974287045285 0.03135289940922047 -0.013800221911349254 -0.007874039741627226 0.0013331771450818474 0.04475153535396002 -0.06355395443658875 0.03558440237585326 -0.037177262532529246 -0.026187692918684367 0.09821697977906929 -0.005296564855803881 0.03550974641606633 -0.09856334695593783 -0.05402624094077832 0.054455748268483005 -0.011911417751041797 -0.040716441166526854 -0.05976815888396741 -0.058590515158076326
1 8 0.06669039019397148 0.029800027253130853 -0.012021229451679709 0.005588414653109425 -0.0331616855404608 0.09833697627891463 0.008643229973459338 0.0033217988150296297 -0.05562750151232525 0.08401998677640117 -0.03543061226207517 -0.06103946645716242 0.003926068215049869 -0.018117937640823575 0.07369890228592406 0.09879633041588504 0.0644054710390421 -0.07950973738953868 -0.01190643811136013 -0.01530398905277484
1 9 0.0688170992854477 0.04097651830107831 -0.09973685678565855 0.08926716758260432 -0.035837423528523475 0.04705512436213991 0.07770439452131675 0.09788756952377033 -0.003007497488834715 -0.09293221732973146 0.05366227364059568 0.010630921981950045 0.022460566673977167 -0.017843350688201136 -0.07247490601210932 0.05749915558918921 -0.07707918657391366 0.08855551455135827 0.0448036229726584 -0.07576704671334233
1 10 0.05018240522822887 0.023545563376005177 0.05787634587787248 -0.012669256874920487 -0.047637470703106075 6.200779266401392E-4 0.090168260933055 0.09594759353581278 0.028472835223777044 -0.09887515255846913 0.0927240440238473 0.09020077827882882 -0.04622564623240832 0.048404807657655174 0.07835130662765084 0.022433040731905957 0.043214869515046814 -0.09995459953999088 -0.08151378042724275 0.09677194431362686
1 11 -0.06630321644985601 0.08159517159920525 0.013714752361931443 -0.016054193342916762 -0.09381583751557361 0.0789436952957342 -0.03976364896544284 -0.09472666707193586 0.07201496522951713 0.061471136873327364 -0.04473596100471157 -0.07780614485237458 0.06048039049507739 -0.07869086004812603 -0.0431497896985298 -0.07721682470230642 -0.07697540201258846 -0.06654360332833509 -0.007063761526388961 0.09911928361760569
1 12 0.013394413744783474 -0.037374489795356236 0.0533870484745243 -0.06409792543060394 0.06780389214786813 -0.07456534984963034 -0.03654860869365101 0.01448996695435154 -0.09980139578433345 -0.017078064827002568 -0.03820681004908488 -0.06364439387147713 0.07030176507784153 0.0978711730359637 -0.03185659959283088 0.06511889251286529 0.07082194878038295 -0.09625576725393811 0.0280404410955036 -0.0713311650690478
1 13 -0.08297862925390999 0.07379519612746992 0.07216139562197271 0.006509658081504273 0.033377104347772295 0.09017757097908648 -0.07711648877156822 -6.829179403075535E-4 0.025899051152873172 -0.03759398448770829 0.01972831891464815 -0.01824929572367274 -0.03978990997187832 0.08895190897523762 0.021461898582509527 -0.06792376896841365 0.07954303317695191 -0.029272103461185316 0.06268573379711627 -0.09931970285790205
1 14 -0.05034376524186808 0.02756425495920858 0.051321323998150585 -0.07499223336732892 -0.011707587618945829 -0.011603284484511448 -0.0778302656314996 0.05700029907474082 0.03075918868370228 0.027417608268184332 -0.040660288225121306 0.062455416273687524 -0.016941112165269865 0.0013457015963648543 -0.018702254478486564 -0.02254062254168749 0.07040790285833111 -0.07373838502170031 -0.0012681340909161854 0.027658361335777804
1 15 -0.01674203055931268 0.04017269923207788 -0.0589551463664233 -0.051921001001809346 0.03339542663581399 0.018397885816706178 0.05431699321999747 -0.029018561044843093 0.09500126245203305 -0.057971234402508974 0.046120471297862765 0.09497000256902942 0.07776067636193991 -0.022537230712495627 0.036282287739798046 -0.021704739470417508 0.066855607539947 0.004742494106840901 -0.04584628251242084 -0.04071019794673044
1 16 -0.005020722062056241 -0.0784494475823703 0.08264956330487432 0.09612511717523471 -0.005252827617983506 0.05355726062658259 -0.0816182457445088 -0.07253544149352442 -0.026025463307908975 0.07525274053879065 -0.05638336497360707 -0.014337749726235548 0.0738883661783423 -0.001223248018176687 -2.053367146475186E-4 -0.09111867568612668 -0.05437067643156112 0.09772456754757711 -0.013859970816307979 0.06531085151464565
1 17 0.04027678410555646 0.018954303279867246 -0.017637232090356617 -0.08848206635654786 -0.0638253098151784 -0.0726997423376946 -0.0261891851054916 -0.08473516468037377 0.06791120048501334 -0.029460887934751316 0.026092618616112694 -0.08126924401238189 -0.07121559758404317 -0.002692000259815778 -0.09778870884072202 0.01005573110039568 -0.011305194978724703 0.01302623789807051 -0.06659918385367677 -0.03642621471373836
1 18 -0.030202717594587338 -0.05117469759002782 0.05034965448878793 0.06609952361167323 -0.06224694630781687 0.06962724914796077 0.0981858466112196 0.047392761881474836 -0.05090003830985619 0.06746466107732979 -0.06657057947732077 0.005276100172462841 0.0236582926476859 0.08560134819938012 0.015201347191790652 -0.046073344042730675 -0.07483573378862295 0.07128580957742672 -0.0020700226204542764 0.034872442252168984
1 19 -0.004215857659641198 -0.09159661740415567 0.0014222527691750586 0.05080552499953086 0.06976305685370492 -0.02477735021217658 -0.03078489667538675 0.03322693110879141 0.06288488511611497 -1.1509313219709602E-4 0.015589084692654905 0.09983939234345933 -0.039495610181209034 -0.07260402898540176 -0.05350884485246169 -0.002429386250081769 -0.052933854009117924 0.05910288791721886 0.04314256738952752 -0.008064555239467959
2 0 -0.04303158031781423 0.023741359730010073 -0.006693227169559422 0.028929384982350117 0.03271244342559357 -0.07188609658084781 0.07213206606516614 -0.04655325969332223 -0.07224314153113355 6.685144555761786E-4 -0.05282311843806806 0.06103520764075401 -0.048504992169465924 0.05900300166187655 0.06895145390977439 -0.044574688625274396 -0.04600278705385844 0.08940948308509522 -0.01463574629263276 0.09269783033100343
2 1 -0.00989123251185002 0.062308831358928306 -0.059796484852550104 0.051519444446231244 0.0041228740932728065 -0.05742491887351616 0.013641410472138385 -0.04116888006615749 0.008274988891588009 0.024623751353061062 -0.05063241775600674 0.01164775067653386 -0.01808065700163657 -0.0284424342532055 -0.008542779140270887 0.04350660681684513 0.05016372103443612 -0.08805920856370997 -0.03703992376026091 0.04379396555080571
2 2 -0.04848836973332725 0.02742007336240017 -0.04792097193764583 0.015458964357573735 0.008114643492507564 -0.09455156908395497 -0.0860941836013509 0.02272256561523402 0.016759533225141114 -0.03561922478369945 -0.08225389760587551 -0.045388423409137645 0.0065413045326199615 -0.08959639054862513 0.09679288386300887 0.005015695619541454 -0.07240027235768579 0.024521537505840137 -0.0030036548926271715 -0.014745453191863154
2 3 0.09864699050714498 -0.05297737542873881 -0.06436919853725549 0.05526319660884698 0.06895804833261472 -0.04760436042954398 0.09978622997581395 -0.07059406525770617 -0.0032755075758172793 0.013076472421144052 -0.008443772358533979 0.049909405641333525 0.08725279288271214 -0.017036240326917425 0.05205684107494652 0.09410225496092199 -0.0013219148258905465 -0.01424055874621882 -0.0433770072400278 -0.07464834866364944
2 4 -0.06344140975078454 0.09532908079441178 0.005031953179272578 0.035355945992463694 -0.01924817125522346 0.05209298133067013 0.09513491639065853 -0.04818989909780655 -0.010256516362488938 0.07205544456537231 0.08497715520986739 0.007529408887263061 -0.04099620993867868 0.08613070771213568 -0.09452921026835544 -0.02014003072481772 0.04419932131992205 -0.009748768158522613 0.0594415676046247 -0.0709001022164723
2 5 -0.03051740254401271 0.10009957463099942 -0.00507239852356042 -0.04397236557831252 -0.0489707017748543 -0.0785079308671073 0.051849609397010055 -0.03545991763636546 0.05860015288567974 -0.07225889105452211 0.060286706215556256 0.013116906842941357 0.04652228144043672 0.017350357964207502 0.053356641256851044 -0.0737906930312672 -0.0589047953584509 0.06665569081380925 0.020188761411556944 -0.011758797825842795
2 6 0.05154746632108024 -0.08651602718840719 0.007794428834772112 0.018182175099736634 0.0613256275828501 -0.06541397752952069 0.07536880672174673 -0.027507202055380025 0.028045789096604445 0.09589130105675074 -0.046527408284463646 0.08447135952361684 -0.0796865239588116 -0.0022730643109884667 -0.05324284937507416 0.009311098488290063 -0.08259807327912172 0.03159410428722031 0.011379347151387978 -0.04503345810104081
2 7 -0.04949697374873379 0.06687907099258289 -0.005399609460183897 -0.08643566409324417 -0.049799163260856844 0.01668593149352443 -0.08526460465684724 -0.04726028768080621 -0.03888194084627066 0.08568970171571509 -0.08690799938664662 -0.070951076593537 -0.06813747160802963 -0.07005407830335333 -0.022422568680535875 0.047363469160114 0.08430179012345299 -0.0037289397996253487 -0.04769659702545003 -0.015437601424986307
2 8 0.04589913144538016 0.04826786484389508 0.046150613694217676 -0.001773456795683398 0.025303451952675048 -0.02381732366017545 -0.0019308934307220112 0.09320924577178749 0.06012186069124505 -0.09933408323797681 0.05434094440806856 0.047377708111067576 -0.032328638009073894 -0.07416554196780498 0.04650083653009851 -0.023181867995611435 0.046517540003609525 0.04780507527759883 0.0572058731712742 0.050242504470018816
2 9 0.05618319905998667 0.011511690736933927 -0.040435496695813984 -0.06521669326205826 0.07185388111814682 0.09497709171036212 -0.027082229024172243 0.012107982872631139 0.046648526134280034 0.08250584046559373 -0.07188096502098036 0.04385889781166374 -0.09120814545166132 -0.009173020536791865 0.045698904059855716 -0.05968565308334933 0.014683905506994594 6.37094666795728E-4 0.06617055929437096 -0.08885544446655468
2 10 -0.03690453022208988 -0.026044395700474114 -0.07148192741344567 0.060994969326412525 0.031685285978196746 0.009021252592640562 0.01791997911774097 0.09698359042325315 -0.0904688552690878 -0.004275683565420216 0.06286711334395974 0.039444227866052756 7.829077283057082E-4 0.03590700367828248 0.05613939599908087 0.045545866229119956 -0.03451931629467953 -0.0883686099041769 0.035804913088731 -0.081738350096454
2 11 0.03709340755016095 -0.06841875828561908 -0.05834480822854061 0.021280124284040337 0.08270105259893934 -0.07863940607800325 -0.03537181812055401 -0.0560800365350584 -0.03787388756325938 0.09675378780477492 -0.08868205376469963 -0.0486818674406849 0.03894117538855681 -0.019218483397474898 -0.04769305265148625 -0.097678730913864 -0.0400626446291909 -0.003557391664238055 0.021328852621497415 0.01666155922015004
2 12 -0.03468479528982896 -0.04133175547108743 -0.09413140760275686 -0.017912671399589422 0.08739260259598022 -0.0045448590199959026 -0.06718814835615232 0.047831553431534946 0.03778404086296383 -0.030832171512841386 0.07106214513082464 -0.042807634716493626 -0.05755304365293989 0.0633517798027403 -0.028000621931793753 -0.061568981173965774 0.04194283714224221 0.005550384536834403 0.030788363112099978 -0.09908978181612073
2 13 -0.022889352935674696 0.036929421494412994 -0.033135375156231585 0.016756516260498056 -0.07213206167498082 0.01809392381130076 0.021837030949848586 -0.0902740991417799 -0.04315765093302387 0.020868283075930045 0.043895398886675964 0.04363017327788295 0.07091567973313796 -0.027703826380134706 0.02842458254814197 -0.03959645592839184 0.012142151380690665 0.007535264714344715 0.020898167877663455 -0.09045211871933549
2 14 0.046160451883958335 -0.09271433141147621 0.08149659389320123 0.08688019767070113 0.01472443854112071 0.07322816920037092 -0.09626239139397477 0.05908610827348478 -0.09860603223403487 0.09519755707505745 -0.02433826844343459 -0.07312975695184394 -0.05565438076815815 -0.05457906135640942 -0.09806028771672765 0.0907266519566195 0.05846749487459163 0.08679200032919651 0.06482717214223879 0.04188177181812219
2 15 -0.07059630973431337 0.0836132159041305 0.006068676419024102 0.031674238858375045 0.0981686137024595 0.015349965637424589 0.04236410505968407 -0.04219121683554181 -0.036121077149798994 -0.09230413646227877 -0.05168381272000639 0.09601653857853147 0.003960234779907069 0.0854965733016939 -0.08735484572357524 0.02212688224835133 0.032094682006981956 -0.003883446346384197 -0.08286185936476712 -0.09482460990217408
2 16 0.019317579401704314 0.04775348023340736 0.05981462770522858 -0.03406228340185032 -0.02453563449462067 0.0718687321216126 -0.05664254307127567 -0.0048649263179494084 -0.09596361397730456 -0.029389818030581587 -0.0878201744551547 -7.640677210784414E-4 -0.07479422619240897 -0.0358631543526122 -0.03434125079235567 0.09563779267274207 -0.014927114355019961 0.042172990092835934 0.046224756121869943 -0.0051889590484707985
2 17 -0.09320203486147581 0.0048976872430029844 0.0883781483009729 0.03831588790824821 0.06013495494328757 0.04251335435749798 -0.04808612247945529 -0.011835754045092354 0.08930791658029628 0.0819512227874406 -0.043925224883135564 0.06364812000034743 -0.06276327737140908 -0.0198119802801527 -0.03181608344505384 0.02862214640890639 0.09081558733859893 0.09913826595759676 0.023446995511258662 0.04061071531266377
2 18 0.046138163190956115 -0.035332906777623345 0.07128847805100895 0.06136624071330076 -0.029258916267535753 0.024612512882221244 0.05652936471368325 0.0990263506550424 -0.034548501115920484 -0.05479434411761007 0.049263344971366876 -0.029023014788753108 -0.021204795273802906 -0.052916907424273726 -0.07888937305651007 -0.015414626760907425 0.014869216837018535 0.02669773197816057 0.05519328526225054 -0.03919334973865178
2 19 -0.08660635086119557 0.0010974595415555195 0.034017029410443274 -0.027962482986402654 -0.05832117875972608 0.008181640045355295 -0.008959066425510077 0.039058830621482986 0.08365831143014635 0.0640891090810989 -0.04347562344797799 -0.06160206716235848 0.04195309795286456 -0.04663105459760515 -0.02279326049467319 0.09085200882749996 -0.05669414687366619 0.0074685109288120345 0.022954442403565374 -0.07343489312036545
3 0 0.02866844364662842
3 1 0.05504626960841808
3 2 0.04390964924887008
3 3 -0.044244920629155506
3 4 0.020450362722294144
3 5 -0.09704010194500066
3 6 0.044639800865233906
3 7 0.045937873574235344
3 8 -0.09284288208343605
3 9 0.05789038249919768
3 10 0.05061398150895634
3 11 0.09231413610228284
3 12 0.031888865307004834
3 13 -0.0933465693629073
3 14 -0.0863545155732643
3 15 -0.0978158420148033
3 16 0.010418199711867025
3 17 0.06677450370613995
3 18 0.08706202626761768
3 19 0.04956351488289093
