## RankNet
## Epochs = 20
## No. of features = 34
## No. of hidden layers = 3
## Layer 1: 20 neurons
## Layer 2: 20 neurons
## Layer 3: 20 neurons
1 2 3 4 5 6 7 8 9 10 11 12 13 14 15 16 17 18 19 20 21 22 23 24 25 26 27 28 29 30 31 32 33 34
3
20
20
20
0 0 0.006502255819588471 0.02333445849814789 0.03220767838836713 -0.028400112651258008 -0.07489421127213737 -0.04413346728749326 0.03966034553796494 0.056910418690871045 -0.028053146939006655 -0.020710407420177032 -0.07205485758834376 0.08281224634762181 -0.050930800990487954 0.09558669295378815 -0.06848845539300132 0.012362561152984647 0.008341672617607225 -0.014324350475229295 -0.006937826268238804 0.08972624267131835
0 1 -0.05860796935294092 -0.01587573846363574 0.02573569413889673 0.045738685475687844 0.01884348230053487 -0.0523249116695955 0.038410178506012575 0.031065667098446232 0.06343354332827913 0.04697126269989872 -0.07955880200862026 0.0806493676168562 -0.013691926804283815 -0.0936603607014072 -0.06847749279145698 0.0030909227076870846 0.04147899369489111 -0.016075646739163837 0.002963192101536697 0.0022389749705238097
0 2 0.08585711082085806 0.09534968284054464 0.07211266623204465 -0.020097333683623986 0.014756354811904859 0.06486828426785082 0.03103809002504733 -0.033954653845500817 0.054014339204607215 -0.055089377818844196 0.09823867728958288 0.034742388103912995 0.055830766942716714 -0.009384366433765 0.003934361901489659 0.040484106582926054 0.04070879494835603 -0.09625819553474653 0.09049777373543955 0.029842737648809858
0 3 0.08502452075481415 -0.056499678641557693 0.04519941657781601 0.07105591148138046 0.03703662008047104 -0.06463160365819931 0.051413021981716156 -0.043786101043224335 0.026791179552674294 -0.046959053725004196 -0.0719950720667839 0.0776924416422844 -0.05589500069618225 0.07233651727437973 -0.09341569244861603 -0.0413387194275856 0.07734329998493195 -0.08607704192399979 -0.032675791531801224 -0.0660523921251297
0 4 181.2418427201604 1785.0919597196194 129.31593131161716 -312.64591485906874 -245.26791023480283 -1523.2584624764418 -1138.3599925178205 -555.4891655912783 2159.677247037475 227.62751811079562 240.14876872802887 -2357.3151601280215 1899.172233383447 -325.81187596136664 -38.55235465842205 1154.8745588330275 920.6808540716661 811.3486671083733 -5.416834622593728 -2185.422146607364
0 5 2.788885594527005 27.802137506225495 1.9693325775205741 -4.790141670871929 -3.8324348427645702 -23.60016478447685 -17.641810147585453 -8.63193618292216 33.52213165918317 3.534833894587108 3.7724598650453123 -36.652371722217545 29.41200588880348 -5.006142739963639 -0.5933911197759979 17.918050076270646 14.228933689699025 12.50115925561254 -0.12655170167629645 -33.92769069817167
0 6 175.42064131662315 1728.7618047911792 125.0896683127943 -302.87555452202014 -237.6982539935254 -1475.918715439569 -1102.722744495537 -538.2857481194964 2091.0485695595025 220.49497739329865 232.4007733662345 -2283.993473654709 1838.78080665881 -315.72812834139074 -37.29527056707738 1118.5622557968495 891.5893261110073 785.9049742730411 -5.167975036820863 -2117.2316507892265
0 7 -0.07577450573444366 0.026817286387085915 0.005027580074965954 0.09959576278924942 0.04395390301942825 0.08430812507867813 -0.08892576396465302 0.08068913966417313 -0.07552088052034378 -0.0792667344212532 0.09220695495605469 0.041349608451128006 -0.07516421377658844 -0.03381438925862312 0.0408850833773613 -0.011700933799147606 0.07431555539369583 0.041253864765167236 0.003167825983837247 0.0414508581161499
0 8 754.7004494294732 7433.392995293952 538.3803779100614 -1302.1216885064346 -1021.4756809809903 -6344.101157790747 -4740.68408596586 -2313.522514470473 8992.618509159043 948.0200951281257 999.8709864797975 -9817.613906820474 7908.117726772674 -1356.9498445651498 -160.2292778066373 4809.668312131069 3833.8758975375504 3378.9824523413454 -22.616819684855486 -9100.97131723985
0 9 0.7733272991786591 7.456325151406736 0.593602012838294 -1.2247264140479024 -1.0964748430296183 -6.277265156302167 -4.759876324437906 -2.3956234493317936 9.028122690621084 0.862381465054728 1.0836397179139974 -9.864155433468548 8.031437902830227 -1.2857296090516255 -0.179114040033125 4.737856282681222 3.8353617555243464 3.4432619177839894 -0.018578897060550548 -9.190940361981387
0 10 524.9673619775925 5172.654803770026 374.5581961235203 -906.4213845788425 -711.0595272633294 -4415.382279902745 -3299.2129405109363 -1610.1978335117435 6256.922443067315 659.9452862843399 695.7161912142196 -6832.982002654562 5502.048662104712 -944.4353022851216 -111.66633417661507 3346.6769831020156 2667.5636995518034 2351.5124331729576 -15.768039132424695 -6333.894183495123
0 11 0.0011649072403088212 -0.09430954605340958 0.07636558264493942 -0.09556306898593903 0.05053979158401489 -0.05198041722178459 -0.04804364964365959 0.07564603537321091 0.08850446343421936 -0.07686696946620941 0.02359936200082302 0.06492046266794205 -0.03221365809440613 -0.05274982377886772 0.034795887768268585 0.09260465204715729 0.021166378632187843 -0.08726844936609268 0.0157470703125 7.180034881457686E-4
0 12 -0.07519767870866366 0.009708320676193987 -0.06594727838803272 0.08032893877304487 0.06438622067423229 -0.03126201317769008 -0.06474136598705214 0.055176784456219576 -0.04933452656317898 0.02701266784701209 0.033984040690819686 0.06286973918338919 -0.06550305087733257 -0.027945340887001582 0.004537690867962902 -0.06383688591028541 -0.061803963209924304 0.07200039089734607 0.07592178933904961 -0.08460229365098908
0 13 -0.04580403155418131 0.06844775438361309 0.045468752922936756 -0.05953666557301415 -0.056958300763717884 -0.07827834071321577 -0.046690468672312045 -0.09053631255515834 0.06615480789047522 -0.09654964200185912 0.06029033047162292 -0.0950318949012677 0.0961953626573031 0.05226710959627198 0.04938321481231193 0.035932441277074165 0.06513055718208546 -0.008771217507856824 0.03136480565736135 -0.05950587606315052
0 14 0.08694848418786574 0.05592872545924036 0.01484906852972972 -0.0876780123251828 0.09688980386772471 0.008989796147770226 0.017105715071832655 -0.0016143979064758465 -0.03921261892907684 0.03668990790667571 -0.05373392496377781 0.0708038243418952 0.030967178669792362 -0.08890584639471474 0.03635661483268177 0.09068685088921076 -0.005490047634230901 0.09041525116961129 0.031085041331167487 -0.017045592833731388
0 15 0.05058963166548971 -0.046209064490119287 -0.031080913920876523 -0.08558529949318085 0.047171846142517126 0.07615891190506174 -0.018627583498487442 -0.08378176041149736 -0.04701033649626855 -0.07628027164174211 -0.019551410080692246 5.979340916857073E-4 -0.020552827171445458 -0.0998438674466695 -0.03913039788327743 -0.06921994247494685 0.0022764512903437183 -0.008874647167918543 -0.020333504168015746 0.056673184623597966
0 16 -0.08205659636553674 0.02245506289440893 -0.019471168179648873 -0.08159403486959435 -0.011608043622639128 -0.08392467375486871 0.07220488526753234 -0.07753244297011588 -0.030245028423599003 -0.09726833312842646 0.08277811375628724 -0.08489258269598922 -0.007284469651562963 -0.03216551833205027 0.06614780457264191 0.0809924452284452 -0.0011216329050214833 -0.08782193377663616 0.06549496290065016 -0.046175271145379615
0 17 0.07313548028469086 0.08917460590600967 0.06262747198343277 0.06600148975849152 0.04733775928616524 0.02893694117665291 -0.06163773685693741 0.08547540754079819 0.015180325135588646 -0.03223681449890137 0.05028991028666496 0.09721232950687408 -0.04232922941446304 -0.03776688501238823 0.08878917247056961 0.05689714103937149 0.09585264325141907 0.009760653600096703 0.03475675731897354 0.09473534673452377
0 18 -0.01818050884525521 -0.053958172603899374 0.04827915532402195 0.051826840642244194 0.04186935702836418 0.08922779531700133 -0.02062855567982999 0.05014035658386431 -0.0067775771691675835 -0.02488223853040567 0.035328409429163134 -0.019861028824184147 0.027872243487627624 -0.039109037797824917 0.0022063522336960083 0.007633098311342455 -0.059824094195587485 -0.034941590490512604 -0.09955595576479023 0.08319890234355881
0 19 -0.029214907625174685 -0.07534220884459479 0.024268998282337792 -0.039044104602272596 -0.025301815446174627 -0.06102561700053147 -0.07580982353066062 0.05304006816193004 0.002273075669572877 0.028056937894370932 -0.09456504147697875 0.04855765009048271 -0.09965741366236298 -0.07144295134454663 0.031624696301663 -0.03517505044807858 0.0676154551585891 0.009471871824474617 -0.057555940032974595 0.06381339417839046
0 20 -0.09124172043052348 0.01434085775538137 0.10019682182006784 -0.05681979827977782 -0.0973554758590546 -0.08719728262807497 0.06012257103272794 -0.007539995478134638 0.07173038220098964 -0.03969381246801028 -0.09595797356753653 -0.058725777263432206 0.03814139764290472 -0.07593853483833249 -0.08312369709539168 -0.04477322982957623 -0.05689005013473292 0.02681820201250785 0.03862861186788475 0.0020227044531726667
0 21 0.0010773890402072297 -0.061843398186623544 -0.07287935773083756 0.0843131915527077 0.05811376466107798 0.08479045438253867 -0.014754990135767617 -0.0025137709277814053 0.06211401901544995 0.048987508932261684 -0.06480931883328164 -0.010024748301618907 0.032397294905758815 -0.05520232693926283 0.068821157975827 -0.06822202270346193 -0.04876015056857753 1.9076692862302592E-4 0.046667313108880455 -0.03826462659905245
0 22 -0.01727331742899322 0.018565873755634982 -0.009784210931659374 0.015426043233713159 0.0904243259251324 0.09110064056881534 -0.07503119128599949 -0.032102294007815446 -8.016442529672056E-5 0.08757899804565067 -0.045709890184113866 -0.07023719662412133 -0.057142109935664584 0.0322900827893757 -0.08849040871514799 -0.026107516015597503 0.003722504941496304 0.03675806195522536 0.007825169989759332 0.040360741460397496
0 23 0.07086338847875595 0.07903439551591873 -0.0960037112236023 0.07065269351005554 0.013971805572509766 0.05821475386619568 -0.02006427012383938 0.04156402871012688 0.05320345610380173 0.06020604446530342 -0.059563685208559036 -0.06788069009780884 0.0556284599006176 0.012777137570083141 -0.02574804425239563 -0.032818399369716644 -0.027149777859449387 0.034642405807971954 -0.04310176894068718 -0.07300414144992828
0 24 0.005037204441008091 -0.0991104095237753 0.07497660726621921 0.021872072111028647 0.037771820308449604 -0.09060040970943707 -0.043695472689901274 0.0494303920329325 -0.0797300356398602 0.06390771323942043 -0.03035085889224029 0.05938865146284878 -0.08287847860893974 0.05855007249637388 -0.03565267371086256 0.020862010190618837 -0.04031372027923791 -0.04987849027216096 -0.05684378118885919 0.031000947768428735
0 25 -0.01569412029660554 -0.03563340408506609 -0.05490287962487967 0.08369512684734061 7.877765817785975E-4 0.055594125017731616 0.09354820172577552 0.046737061694687186 0.056096693961242734 -0.05999077196443896 0.08696891939951458 -0.08821983035059563 0.025244747671948724 0.008338826546239204 -0.025558957742203715 0.00432114194997916 0.056036549612477095 -0.08424676868448595 -0.036891745445439404 0.03508665870779372
0 26 0.033447337396554894 0.061611972338461746 -0.005126715901638594 -0.026941577166438458 4.29661422759596E-4 -0.0303517736294398 -0.09258693316928016 -0.03565213985405021 0.04965923897188644 0.05105494071429468 -0.0891952322939362 0.09559514441579271 0.04875101171283657 0.024275709800130923 -0.007718453685459297 0.03523276754567465 -0.053600513482931315 0.010500115621653058 0.09174217024345117 -0.048704834081800145
0 27 -0.025324464678872113 -0.06723474300103247 -0.08301928019040537 -0.09923913439524887 0.05908890792823348 -0.08247660847352464 0.06876405919932858 -0.05141575091275244 -0.0551252883250065 0.04987701148007069 0.09444472193009612 -0.013578155229797747 -0.057304194697489014 0.0032732172355783755 -0.0878713337204878 0.061764037899261236 -0.05668589104880774 -0.03669149363017606 -0.01017741719531692 -0.03437949120910158
0 28 -0.05974773038216049 0.06339177143799724 -0.041579365818623995 -0.06713217456656524 -0.05073767715803338 -0.007376112880400696 -0.012892983629411669 -0.007738210768794451 0.03156611626567308 -0.013962952055330618 0.01553574054094158 0.053032343211204536 0.08696782711282741 0.06603884566823935 -0.07986988971543314 0.042298341875579674 -0.02908905946594746 0.05719367069533229 0.015388874215818634 -0.0433624236655529
0 29 0.03380833938717842 -0.027190113440155983 0.03241578862071037 0.0816999226808548 -0.09656542539596558 0.05117683857679367 0.015462535433471203 -0.05062384530901909 -0.04425797611474991 -0.08023251593112946 -0.01800740882754326 0.05013647675514221 -0.06016924977302551 0.07244271039962769 -0.0831783264875412 0.00707168597728014 -0.03670629858970642 0.014632707461714745 0.001454943441785872 0.026325184851884842
0 30 0.003978357904132071 -0.02114574617268621 0.08782726229635297 0.044094586018408086 -0.08451348188314425 0.08632815096825332 -0.09814263693986655 -0.09241866212597706 0.030437859230691106 -0.011106139752765608 0.007639254103365935 -0.0350450190903719 -0.024563000114431625 -0.09911007986166807 -0.04117213482027982 -0.07148662467658981 -0.05918148011189756 -0.04282386453047012 -0.08288533071892339 -0.032654899843353104
0 31 -0.07462094696345241 -0.07996939999026259 0.08758023437114755 0.021561930330103327 -0.09019886921613787 0.0032481009629121756 0.08547559792217013 0.04055563384888556 0.06326354397228559 -0.04763855507947145 -2.8280177911540463E-4 -0.07470032967340129 -0.004752729676272107 -0.0642734170201183 -4.321158771315731E-4 -0.06921420397746561 0.09427128110185393 0.012803605289897496 -0.06023998325971144 -0.02888038656203641
0 32 0.08305501837103102 0.07026685432602406 0.0414003404215573 0.04932024965981993 5.0163970452065246E-5 -0.05720075577148751 -0.09478872712979507 -0.029992414441633884 -0.06357524744492793 0.030558387359339145 -0.043000581983703684 -0.09965809915586557 0.06237650513558237 0.07614005121462168 0.028668863529760082 -0.006563920812599002 -0.0745475549779322 -0.06308722850965146 -0.0038817979872506005 -0.0741957311202889
0 33 0.11927446705318767 2.0725765659253303 0.0643763342784721 -0.4218889198791777 -0.2884186448644883 -1.8986514177225369 -1.3042125488244616 -0.7110603955762104 2.665677744064738 0.2286160293811121 0.2483356734285998 -2.8576568252002006 2.326234550301815 -0.36842579317495594 -0.03764469067300487 1.445354424902058 1.0156850924802068 1.0745016543720138 0.0796001616300446 -2.680173286878121
0 34 -0.08622173021623727 -0.003575592375760225 0.03566118267867294 6.08911867934956E-4 0.010048031511405504 0.09421574951714198 -0.059669314768025845 0.07066015890345405 -0.04862466454410732 -0.09932610233944215 0.09769251172674333 0.06324390570329864 -0.041174365086389324 -0.05123250733916469 0.09099733974861296 -0.07308509250659612 -0.04183790213013481 0.015131181178869352 -2.6588690553948124E-4 0.08352349471825789 -0.023944066390617833 0.06365019792344828 -0.05406826757860117 0.04116359034175743 0.07615749542187668 7.762786481671748E-4 -0.05695476877709532 -0.018846189999144104 0.05482081683174352 -0.05300739475216326 -0.05923834458582138 -0.07292384804439925 0.07371531573002468 0.06952592187333255 0.05273362486185294 -0.0825840172917948 0.04496817156093529 0.037717332475164324 0.08455746315983385 0.03131988459157925 0.03299220087899907 -0.025566753067535662 0.07456339111951957 0.0536226105032406 -0.047105869385957636 0.008229440401587164 -0.08104305703908558 -0.023613705338152515 -0.07788145260077467 0.022533009661242043 0.08404824845757512 0.006538675993129505 -0.07727514952955017 0.020189731511903532 0.04602047790358166 0.02893011457678564 0.09326175189260684 -0.058195971918557333 -0.06536615496385871 0.04873863858460614 -0.09594701761806931
1 0 -0.0044466037916687795 0.03616712099700805 -0.03221642412873462 0.02170345149199523 0.0327441639650757 -0.050732980416517415 0.0042903420642319825 -0.026818437133945456 0.0691141890172538 0.039587267293362045 -0.08490151478713208 0.05790009099938213 -0.016431764199753836 -0.06458103688980674 -0.018404458966648586 -0.0026500148629385848 0.07542835846737175 0.09335278822156905 -0.04835008770573563 0.0982068078734156
1 1 0.02487391307065698 -0.08768817333611711 -0.054512027362101714 -0.04665269717915608 0.026632189585313822 0.08881274252562836 0.06810263099568628 -0.058840175776020354 -0.07744935071406525 0.008327457653439584 -0.08701277490288334 0.02328114028844081 0.04520937365927178 0.03125399301137178 0.020859687965441583 3.947259348063902E-6 -0.05484388335062858 -0.0729946602640082 0.07192741820215993 0.03386392480344366
1 2 -0.03531241534685324 0.009659875527417051 -0.09704592169669944 0.06668669864498701 0.09908560410006262 0.01858376091137078 -0.0021681824964392433 0.002734977162437036 0.001912299091821755 -0.023846616455980775 0.09331881682731664 -0.048396087409182435 0.023565435650746393 -0.04233380917990614 0.04322886679669748 -0.0036974306031582267 0.01536386467794595 -0.061630330096840276 -0.03746177568540079 0.031174309829091095
1 3 -0.08608121526649148 -0.0659454684153799 -0.032384046219603654 0.06329238297431353 0.035973260567586554 -0.04343945981667806 -0.08889234424414875 0.04220305566884959 3.1292361293228007E-4 -0.0714767108352575 0.04954860192728695 0.0010773134049813372 0.038946973503311055 0.07753991876015738 -0.08801753749975678 0.00830323113982037 0.0889948275911517 0.01709286431494631 -0.09351262824486412 0.09507783388958364
1 4 -0.0022548539323959988 -0.09244265216714427 0.04866319095048044 0.07983507628016456 -0.004939718314868469 0.06018060642147775 0.020707042282075188 -0.08191462764751183 -0.04879967503014889 0.04026605432861397 0.01466748928485938 -0.09220616007675536 0.07267772281579454 -0.04444810621575371 0.03081915935460713 0.02917227480765985 -0.056129424063893554 0.08747168462738336 -0.026149555390600147 0.06384603862163077
1 5 -0.026295427152643942 -0.030764700447657174 -0.006898654838089139 0.040625724175443065 0.07403562033850578 -0.036502935079357014 -0.06658375980261591 -0.05569207149627009 -0.04713691128031702 -0.0759654160880786 0.04295603312485311 0.08133916201229945 -0.013131722338508796 -0.045325630207536424 0.0859573273566579 -0.039229876328131956 0.026904243837685724 0.09130344945235253 0.018139043116533016 -0.03309421722306322
1 6 0.09586474013896511 0.03752717294735151 0.020990759486394544 0.048676238245066096 -0.008806994488029333 -0.03388937942609902 0.09918810689212729 0.0170561324451344 -0.0823153109489504 -0.02084982500720231 0.058004239910292105 -0.01476612667376097 -0.08397215994822187 0.012816276743564385 0.08125596849631993 -0.045207512346075465 0.011855387106235939 -0.05651330875741599 0.009011168234904828 0.0047121552402414925
1 7 0.04383778796576199 0.013341531148957614 -0.09862997535990202 0.08626525477154968 -0.023923215305294364 -0.046683846884071 0.09687852302210478 0.017335507885189592 0.01710465224778658 -0.07116615937281247 0.06435561960521047 -0.05759743491724592 0.0487526192278392 -0.03332786141930983 -0.07066079858792892 0.006055503679588172 -0.0420625991248484 0.050005576671567686 -0.022377471298921866 -0.07981892578459177
1 8 -0.08055665928484908 -0.025166634844486717 -0.09579525471438996 -0.03003232236236816 0.05172203910213781 0.003654833760698092 -0.0189958180127256 0.055184617578731936 0.07473569404140672 0.09603038986412923 0.09088576031278624 -0.056482916796397886 0.07317370510318784 -0.027557072502790266 -0.028411527953649936 0.05584282825478479 0.03202972507291501 0.021913585287891658 0.006229439765937024 -0.06279659526666964
1 9 0.0692445413256284 -0.029425342082462363 -0.08968117549232596 0.03358013841243495 -0.05975300782206079 0.049181634572726333 0.06490635829768343 0.012971087445999918 -0.07308348472133455 -0.07444623938241922 -0.038377767807123896 -0.08742063370390925 -0.024438011549501013 0.011707625321471765 0.012211832435830778 -0.006658452465784611 -0.0935019675276306 0.08501731109664236 -0.041357090196970744 0.050182465371530885
1 10 0.03525706547140698 0.039447825542491106 -0.04402126033941981 0.02486713526865698 -0.09270977687096851 4.2159814907912174E-5 -0.06771268671677177 -0.08050133834980024 0.02279022704320045 0.026022292712194143 0.009864453541898879 -0.02109105777882824 0.06343322299183944 0.023930048535486696 -0.054134502527523796 0.07154263032449729 -0.0025193247900908208 -0.047879469116312794 -0.01140401926349977 0.03171633402142782
1 11 0.05741256749907175 -0.020353807907044053 0.047878062108543715 0.012785873081419883 -0.03750744021319287 -0.052625770213743005 0.0419836803821204 0.004537121945533686 -0.04212976265004221 0.030817570607179014 0.03568629392851795 -0.06627018901949981 -0.039840437876252514 0.05927236514263201 0.03798101426112279 -0.06911562925174389 -0.08789086682571257 -0.023118217343391458 -0.09145286543732412 -0.04327573860581617
1 12 -0.07489363611200094 -0.03727582559072084 0.037697128976093966 0.09815751003940916 -0.01220789053709113 0.09999790485234164 0.0013950830715285117 -0.0935224179439212 -0.05854839736813749 -0.05835098187227322 -0.06837997107134719 -0.03294862050290715 -0.032801860260518644 0.02247401297936905 -0.04948178118990894 0.042329636669623014 0.06111845477097163 -0.03693881805846556 0.00722583438149876 -0.07281996221211663
1 13 -0.007534815335777712 -0.028711415387792434 0.07161523844538382 -0.03759264059533727 -0.05784574221489698 0.003235745574869201 0.08694984181443362 0.051425698359270515 0.06184162042227303 0.05288608708281638 -0.011709739542787624 -0.09285826472037557 -0.0904287353724553 -0.07551480278330261 -0.04168322806421648 -0.049182293827347484 0.03132512033587689 0.07440314337615402 -0.03723502969168578 0.037600827220901856
1 14 -0.028585194291028064 0.02526900370643673 0.0138797395989938 -0.015839965852888445 -0.07118707910459723 0.05262618131460606 0.09917604245720608 0.011591459909866729 0.04689317055401412 0.0512183301920675 0.06797435184237202 0.0012200173703600487 -0.010179492627874223 -0.02682810431244363 -0.04206437012432084 -0.06352748190387028 0.055566737339623085 0.006568355283134211 0.08140407033296733 0.019189436009369915
1 15 -0.04951045621307057 0.08687440040804473 -0.09972488757804432 -0.04178973887554965 -0.05008183245643366 0.045758591163917756 0.008801183051803912 0.0925069235685004 -0.03534101496312808 -0.04443394387280498 0.033256862650811465 0.08734100677283961 -0.06906490398895695 -0.08377330077026746 -0.04002294627944165 0.053091063697048885 0.05569747663373728 0.059946557299678904 0.09551647107122045 -0.06595598597904632
1 16 0.07461520400837036 -0.08583086668698241 -0.09768969257297232 0.09623248877182171 0.03920521304334873 -0.0052185240327871 0.029317170554461678 -3.9527398891834453E-4 -0.09492407682904573 0.02931653094064465 0.04487163030094492 -0.012860136508866143 -0.05761997587820485 -0.06716242952539103 -0.033691945051162756 -0.0896882282623792 0.09338921951770236 -0.006371919437002883 -0.09905428286674851 -0.04810861096598887
1 17 0.05886123309088756 0.022084727049550567 -0.055370941082455105 0.02606410956780945 -0.053514032858157826 -0.05920931725454112 -0.07220900213874001 -0.06088095684582213 -0.08264650809170082 0.03627295843009568 -0.08930839439063372 0.046205790312299114 -0.09476002680081246 -0.06573626536322032 0.08363741356143639 0.0824426799578348 -0.035791414145683355 -0.07253011800690878 0.09631283758692269 -0.07840718175107846
1 18 0.057610279857752 0.01829799975223503 -0.01569375094685885 0.0981949051469313 0.028960717850948118 0.007940134998135296 -0.0708577950199555 -0.0713174591691442 0.0236839327455127 -0.06293508475777128 0.008548599776990231 -0.0015804943729193506 -0.001884051551141407 -0.09302863373393203 -0.01742814348292264 -0.016360511114065324 0.05895308964683927 -0.09181321744841756 -0.013429391542994837 -0.09399392906456452
1 19 -0.08876826272629086 -0.006440886918101266 -0.01857342435485342 -0.09931889709091817 -0.09624482235409323 -0.006514249465273515 0.05258547426982849 -0.028702649620433708 -0.0016142251586215596 -0.08743208248058446 -0.0026281813762034 0.04349979349281301 0.09399869195619742 -0.094478045057224 0.05383884444898152 0.023977984874873425 -0.03215357011616672 -0.04861043554543002 0.04494146483720956 -0.029625169485269238
2 0 0.03859440447920074 -0.0862324392363508 0.05710306447277177 0.09308795932570446 8.695776187587365E-4 -6.190539145398135E-4 -0.059996637934463436 -0.004246159960600848 0.07761593321264518 -0.08633975302302467 -0.01331345557214036 -0.06583462894911069 0.0031241427279798187 0.043651344345697535 -0.06825022363646539 0.013868271148099404 0.09913607117829035 0.09536903117660636 0.0210794128080362 -0.09958655534180488
2 1 0.03181399955648154 -0.0054583303963327695 0.04553105113070573 -0.024466110067823538 -0.09686272629655518 0.06526068778795037 -0.07231565969494828 0.004344306427522075 -0.07604677910214236 0.031232461442340133 -0.08845667911428864 -0.014022149038078406 -0.08505154554807688 -0.05618367810677271 -0.0018856231115896736 -0.03058592941567658 -0.024408788892860293 0.055310922022376745 -0.053772748178389417 -0.049053786433543654
2 2 -0.052719539409528164 -0.08695193424870967 -0.06268075761700528 0.09328309016619885 0.024213064267823922 0.009758634107606754 0.0553818187572685 0.08094765761021529 -0.07218378250053573 -0.09682181993418025 -0.07108761529442115 -0.03140573972744761 -0.0737059316198521 0.05029935440387653 0.026402158568406785 0.024442386162517944 -6.362058446293825E-4 -0.06140518483141891 -0.09432301117853363 0.026516723307392465
2 3 0.04917928710981505 -0.0037393600249887114 -0.08015044145457347 -0.003649624253957702 0.039294109886253155 -0.029988674039982732 -0.07485849550738789 -0.02908676837774873 0.09408491133534555 -0.06832751100787353 0.028308182873582634 0.07724142079661063 0.040503431396749945 0.07674470328009228 0.012475414102270335 0.0668813535109299 -0.021840525565566506 0.020684725178439806 -0.038575377670378753 0.07957494241054675
2 4 0.07561022681934468 -0.0840366848475884 -0.05028949207466595 0.033808253765444655 0.009593469440684713 -0.010545601323770274 -0.04135382099539935 0.0382227467930807 0.004909135631234539 0.09956391833268305 0.034738925299987886 0.08319712790916448 0.0845483657242466 -0.04758977683798868 0.017411953778390978 0.05516979139282972 0.012463390030855226 -0.03561757684337097 -0.04591153535388268 0.07425541853218649
2 5 0.030311914757511597 0.011053008636967046 -0.025554774127642083 0.06223624210249264 -0.09644334001264018 0.0025959238718487546 -0.018241159868651883 0.045798838897011286 0.06458857319850429 0.03665471347994463 0.05313828234513575 -0.08746731629722576 -0.02881649739481412 -0.0945236226600891 0.09788474832833334 -0.015657932047216935 0.06557400607396872 0.06134310405311855 0.09783467180803186 0.09383651763382632
2 6 -0.023779621773073 0.06921207660693049 -0.0069495986039886165 0.030000021087554854 0.04907592194254847 0.030648492396169343 0.013429800431423744 0.07622042540363273 0.0803723462603686 -0.09037394880226521 -0.010900090479507678 0.011121081231358996 0.023138509949536996 -0.09897728785736908 0.07851908105525773 -0.02850010990703752 0.08677043020898141 0.02471184179184458 0.009151417720847536 0.0778941377110007
2 7 -0.07139773931557371 0.07755526230487757 -0.07089632554285596 0.016732895508262745 0.0028820864728507627 0.011232965993040975 0.09473584703323892 -0.03660018336018568 -0.044550033154006866 -0.010759118438093018 -0.055412752648310984 0.019657309936485273 0.05967223793579416 -0.045039048884075776 -0.054617887792429876 0.06818233051249072 -0.05824789301559258 -0.08491959978221243 0.019780760427247284 0.023464514717684383
2 8 -0.038920475582555646 -0.04428157802316916 -0.004829438385634957 0.05809414183664758 0.02773410404259895 6.424326791544733E-4 -0.015031882271562588 -0.0812351565313696 -0.024498844541948762 0.09160165522261997 -0.08240603962660663 0.04461231282163829 0.08890939411662906 0.06332544276139027 0.08497625572328621 0.07430775368324648 0.03850423230535363 -0.06834912142435152 -0.03911726641428689 0.08322860571385349
2 9 0.0845052983593746 -0.07157138928254218 0.09205783835093977 -0.03618390273280692 0.0018951595419725953 0.024079322022191565 -0.008217407264488285 0.05199394151310033 0.015344497597566564 0.009537189783377486 0.07363803632301662 0.02564967132302001 -0.0841028789616994 0.048547258172123874 0.039260195782969826 0.04525284537239204 0.08574153211262257 -0.0721446249998113 0.08593464786142245 0.06047502897813554
2 10 -0.031472605995997736 -0.03938464709055015 0.022338530110355463 -0.031124012692094086 0.09345634625696422 0.0791734892837876 0.019658259692727085 -0.04786515734089292 -0.08849206032241401 -0.08249993497791806 -0.04700066533414802 0.07036763632552206 0.04200014855487532 -0.057733944036617 0.09512451395129058 -0.07292078459656252 0.05111587897012898 0.08793387005563114 0.06706763498963063 -0.0212745299246324
2 11 -0.07637361498017109 0.09849268341388664 -0.07025009270158264 -0.03187877058304132 0.017423522941915154 -0.04904452207600485 0.06594717532304034 0.07862732971628685 -0.07072491104162194 -0.015761226987447582 -0.019152588945091115 0.020719250769868303 -0.024416038182901025 0.01690260144681251 -0.04479512885327102 -0.021385163430899183 0.018048259198858253 0.06607157288734283 -0.06544980296072675 -0.01621413024302698
2 12 -0.08539695378043852 0.008421401760575166 0.07780749047840722 -0.06737968116751313 -1.7142831754082482E-4 0.005908879010922402 0.07767387419619681 0.010409717624543619 0.06785915356830419 -0.09004274699282755 -0.005858247566766876 -0.059001759166025784 -0.03937762222589076 -0.09348146080510358 -0.06016491639088616 -0.08470347300100255 -0.07578175975556246 -0.004727607587371212 0.06446212372333834 0.028664571352318195
2 13 0.05894134882126559 0.0642645139403196 -0.09799974246137202 -0.03512809886903438 0.02622305317826206 -0.035135555843691754 -0.06635761313681277 0.01795796979384117 -0.004465919438214138 -0.03591130409707837 0.03865080645970131 -0.08508425061683887 -0.03437438668550635 -0.020121120407553202 -0.08450766044554424 0.0492439101774586 0.002446693461652363 0.022291589215999413 -0.019292660273487163 0.04690694142956787
2 14 -0.04673834644162529 0.06769407548580393 -0.00645458277471075 -0.07369194408947854 -0.05916970529659888 0.06175772690475215 -0.07177679496857607 0.018236282459850532 0.08690122909072069 0.031159929405756542 0.05529870817608054 0.04411235873064485 -0.02534555839056266 0.08997085944801556 -0.06500979291544146 -0.02514589693237272 -0.0027174517334476915 -0.04211523498351123 -0.09839318335578003 -0.08720790006341315
2 15 0.08028457003693697 -0.011996920696610144 0.06651109309064074 0.04787236043713871 -0.030629018027006988 0.01682639776805856 -0.08954089412527687 -0.07313401440314547 0.010531083240951264 0.05384422053866036 -0.03247523800346603 -0.09050852242716174 0.015202616742744257 -0.07944176164722447 0.014704729340962357 -0.007031013043233434 -0.0866748336419041 -0.09890567358876227 0.05850944095742494 -0.08137035844717903
2 16 0.049342772391038986 -0.06887539078472836 -0.03774170479332487 -0.09080720046919388 -0.06422760023107052 0.03884557831200298 0.05036208880171589 0.014722185056303341 -0.024037141046854837 -0.022456479813083928 0.06650678553933446 0.029309400178732955 0.061025539579399865 -0.09424068111293277 -0.09679076350586197 0.07096019291749175 0.002420726591823898 0.0537956494282266 0.08494499399589824 0.0794270952675022
2 17 0.08774411449496747 0.08521703126771943 -0.05354996381866908 -0.07588971145246812 -0.0575075311706033 -0.06725068237640121 0.021988389959840687 -0.06634594602155941 0.03366023724500798 -0.056806449645979896 -0.07126709853098559 0.08578422348837424 0.037790506869265474 -0.07693361110284844 0.053040719342595945 0.015305025302733711 -0.03501987612282629 -0.08950663861443382 0.025659206433896922 0.009725046932211713
2 18 0.05075954674778713 -0.022228379957642336 -0.054713000295495265 -0.07311961262361646 -0.07705829660107068 0.04958806126083253 0.03287646020331075 -0.004680940261770492 -0.0783749230030913 -0.09840189239513038 0.05805517357675875 -0.018095645643247754 -0.0073675932238593195 -0.06005802793418912 0.059017258745798405 -0.006231333230992752 -0.06352374807165354 -0.04364453047412356 -0.07219638794268307 0.08212472157297945
2 19 -0.06218934069133285 0.09630410058489329 -0.05589401674298445 -0.07936833270356299 0.03298097837068238 0.051238202433513874 -0.07234178397013066 0.03375508193909347 -0.03328736557821727 0.037301228740354485 -0.0823681142352379 0.0023260648413900692 0.045729822109908974 0.0984967111661469 -0.07460797187771374 -0.09637854991730883 0.025831527771965863 -0.027329545344083595 -0.09350223018592649 -0.018803626693786966
3 0 0.08032703227289574
3 1 0.011225052212856055
3 2 0.04200499811373575
3 3 -1.1494932442536916E-4
3 4 -0.0859122129785912
3 5 0.027856047475053575
3 6 -0.006296201280567114
3 7 -0.02014799685885294
3 8 -0.002810927355819941
3 9 0.003935470235629755
3 10 0.09324749484886051
3 11 -0.09045691573415443
3 12 0.09935480212949002
3 13 -0.06516404545427677
3 14 -0.07523619967005929
3 15 0.04386940646746191
3 16 0.0774392295203266
3 17 -0.06819586114584159
3 18 0.009523535971949618
3 19 0.045724350733485415
